0.7334367036819458
0.769329845905304
0.8274273077646891
0.772509291768074
0.753915798664093
0.72028848528862
0.7280661463737488
0.7326232418417931
0.7718871500757005
0.7651745975017548
0.764677578752691
0.7594743172327677
0.751942923435798
0.7524492272308895
0.7395072778066
0.7571641355752945
0.7643234519397512
0.7624599801169502
0.7651654513258683
0.7598774582147598
0.7615537416367304
0.760097698731856
0.7578480062277421
0.7552618781725565
0.7511927962303162
0.7422763040432563
0.7381681314221135
0.7366199727569308
0.7308019728496157
0.7251571695009867
0.7239893444122807
0.7184256203472614
0.71228631698724
0.716718712273766
0.7081227489880153
0.7099618895186318
0.7134292882841986
0.7057059752313715
0.7098477177130871
0.6953010484576225
0.6902250124187004
0.6943514006478446
0.686654714650886
0.6801274696534331
0.6824391689565447
0.6738194544678149
0.676389956093849
0.6858196388930082
0.6871022235374061
0.6879131823778153
0.6879036140208151
0.6871832454433808
0.6883312581845049
0.6805789100903051
0.67769172354178
0.6729573964008263
0.6682335300403729
0.6670500908432335
0.6676905614844824
0.6679020191232363
0.6676201297611487
0.6659045714524484
0.6582702254019086
0.6574177329894155
0.6521987215830729
0.6480639561107664
0.6432871291441704
0.638829175821122
0.6366079287684482
0.6312442155820983
0.6259206606888436
0.62045140316089
0.6142732707196719
0.6076229862063318
0.6060082716743151
0.6056269378842492
0.5987175449535445
0.5965571818061364
0.592762976318975
0.5871162781491875
0.5814102892706423
0.5745600767251922
0.5700711439172905
0.568998688743228
0.5626800280283479
0.5577513595479865
0.5517005507202669
0.5456264863552694
0.539578813007834
0.5351107430075192
0.5295269532016591
0.5237821638748636
0.5186916414450513
0.5132200318014626
0.5119383036661403
0.5073643629014745
0.5021461191270309
0.49702353413930705
0.49204088641228294
0.4871208995401321
0.4826762528894028
0.4779444775289377
0.4733129197619508
0.46879323671912343
0.4643293543561802
0.45994898659012695
0.45587496570609903
0.45165391003913385
0.4475299730364845
0.4434622924798739
0.4394671366917669
0.4356266076068006
0.43177164624671804
0.4281256726644363
0.42450704854099175
0.4208485953040234
0.4173229085564173
0.4139012784456492
0.41042325768869375
0.40707052381397946
0.4037063597799625
0.4005617197692684
0.39730534429933567
0.40554717771925836
0.4023028079268952
0.3991122489563146
0.39597923692185294
0.3928856509960459
0.38984147927230717
0.38687160937249504
0.38391907799530733
0.38104034218976257
0.3784449674226583
0.3756207539167266
0.3728383797278512
0.37009692455953647
0.3675514566157041
0.36502171862097865
0.36248086292601644
0.3629888932242937
0.3604516715117486
0.35791328617486207
0.35563600107502996
0.35316630662312004
0.35073297933252057
0.34873895525722426
0.3463666122278727
0.344423043063236
0.3427901860550279
0.3405686029542221
0.33831460815313763
0.33611590602467944
0.33391996054042555
0.33175166149371377
0.3296113289628465
0.3276866923707393
0.3256104343938717
0.32370305870708443
0.3216706555249016
0.3196602139278709
0.31770648257808504
0.31574534028137125
0.3138084285558774
0.31189643574784626
0.3100062258442208
0.3081387364127959
0.30629778227064486
0.30447965676934796
0.30267800622784596
0.30089911300841277
0.29914456148325785
0.2974053489164947
0.29568635654900033
0.2939870220042643
0.29233421076950494
0.29067344038481474
0.2890312182312807
0.2874074473423409
0.2858020662156675
0.2842142769589138
0.28264403233483143
0.2810910477311493
0.2795550590877346
0.27803580808465184
0.27763414541341747
0.2761420706325806
0.27466563897907564
0.27320523043215894
0.27177546395302554
0.27034904874018895
0.26893379405847734
0.2675331710988212
0.2661479128091482
0.2647769902115172
0.2634192658627491
0.26207972073139124
0.2607495441170728
0.2594326272275926
0.2581454759773229
0.2568608144573613
0.25558769804112563
0.25432241535798283
0.2530701604683331
0.2518302170605359
0.250601935726606
0.2493854232115633
0.24818066501651728
0.24698749160800654
0.2458092951089498
0.24463877465605002
0.24347934974871938
0.24234450545898034
0.24120920084007189
0.24008206061227816
0.23896551630076962
0.23785919446604384
0.23676307848489098
0.2356770142390109
0.23460455530676508
0.2335383877034651
0.23248165291747658
0.23143454780703107
0.23039712189121656
0.2293712250359407
0.2283517973691143
0.22734166071744383
0.22634015560415113
0.22534746333427477
0.224363416399433
0.22338793261406562
0.22242088580278951
0.22146218433710912
0.22051253110481822
0.21957017444575078
0.21863583378517007
0.21770941076065664
0.2168354750577824
0.21592440163316984
0.21502096821499755
0.21413811914836514
0.2132534682843478
0.21237225757588785
0.21149829766816816
0.2106458677469442
0.20978611010387543
0.20893350614781003
0.2080876215075355
0.20724855851758575
0.20641638675097596
0.2055924650940843
0.20477371829688826
0.2039611241766625
0.20315576030829594
0.2023559344803105
0.201562381796074
0.2007754762170438
0.19999426584551508
0.19921913031231903
0.1984499477028687
0.19768693267233314
0.1969295119310954
0.19617788349249907
0.19543196587359038
0.19469187795516696
0.1939571929727996
0.19322806913435353
0.19250454039049866
0.19178631904213106
0.19107338888286274
0.19036578163116702
0.18967391050298854
0.1889765900298518
0.18828456807502833
0.1875973981185501
0.18691525480535745
0.18623802562128006
0.1855656909125436
0.18489818842724667
0.18423547090600206
0.18357749729926226
0.1829248625796159
0.18228197992544273
0.1816379750840815
0.18099841650228773
0.18036335023365707
0.17973274124358643
0.1791064951737805
0.17848459762109375
0.1778673985870602
0.17725406355199638
0.17664494305869055
0.17604000115556767
0.17543920075439615
0.17484246877904108
0.17424978365649452
0.17366137983004173
0.17307666940698793
0.17249598802124558
0.17191907836231166
0.1713460854978639
0.1707771573082502
0.1702116956899242
0.16965014510252413
0.169094684248312
0.16854027544749786
0.16798949179190814
0.1674422947502407
0.16689867454566293
0.16635855208585393
0.1658219200552575
0.1652887309850132
0.16475895941134328
0.16423257295954985
0.16370953928770415
0.16318982684301075
0.16267340673554248
0.162160242918828
0.1616503159192829
0.16114918041332119
0.16064591926781044
0.16014546506202063
0.15964811963766204
0.1591569582785746
0.15866573309870244
0.15817753964614908
0.15769234490216597
0.1572101053153092
0.15673090979321705
0.15625460013924963
0.1557811103819419
0.15531047258622604
0.15484322789192795
0.1543782367934303
0.15391602686054362
0.15345890735534012
0.1530021869003084
0.1525481744762719
0.1520968513378032
0.15164819052106834
0.1512021664313005
0.15075875866818608
0.15031794358436099
0.14987970197881775
0.14944404744814627
0.14901344247871037
0.14858278157085344
0.1481567454140217
0.14773100763984348
0.14730806449698716
0.14688725890269366
0.1464689247573884
0.1460528205348349
0.1456390731678807
0.14522788223529695
0.14481878960928202
0.14441199525644696
0.14400748053141085
0.14360705050233366
0.14320755181537426
0.14280975405374213
0.14241416048804492
0.14202075383938695
0.14162951209327293
0.14124042002708262
0.1408534599722139
0.1404686157559976
0.1400859035390707
0.13970523661868475
0.13932663422588035
0.1389500757549996
0.13857555945900915
0.1382030493210488
0.1378329197239418
0.13746438473661757
0.13709840425652092
0.1367337808409451
0.13637110473147054
0.13601033461313333
0.13565150320820113
0.13529454564545698
0.1349394524891898
0.13458676701207012
0.13423536553162085
0.1338858724971371
0.13353815754596285
0.1331936030202786
0.13284943350343034
0.13250712100984313
0.1321664964630736
0.13182789348567422
0.1314907389673913
0.13115530340880102
0.13082157550806245
0.1304898913946557
0.13015953784281745
0.12983085695772653
0.12950382979381045
0.12917845496807567
0.12885470093569024
0.1285325942835147
0.12821206412320668
0.12791560802889798
0.1275981995722506
0.1272823639199586
0.1269680905989925
0.12665536307351594
0.12634417053525177
0.12603450374278616
0.12572635179629477
0.12541972192898418
0.12511456735517207
0.12481089122081486
0.12450879852958882
0.12420820726100688
0.1239089103760406
0.12361107219101966
0.12331464304717857
0.12301963193941019
0.12272604066406327
0.12243383750832862
0.1221433039327464
0.12185422073012639
0.12156614928631994
0.12127943667007862
0.12099407553361693
0.12071005188212956
0.12042735855219484
0.12014598621912896
0.11986592564519159
0.11958717155980439
0.11930970795439373
0.11903356284398472
0.11875865854180463
0.11848502465050903
0.11821546593495008
0.11794447855196344
0.11767459226767175
0.11740593208101142
0.1171384947725669
0.11688626275980948
0.11662121508556626
0.11635736618265774
0.11609470927847074
0.11583324115175989
0.11557294226921334
0.11531387051734435
0.11505589791933973
0.11479907698471907
0.11454339975312727
0.11428888535558258
0.11403547319293161
0.11378318232303575
0.11353200532011515
0.11328193482381534
0.1130329651104784
0.1127882381362128
0.11254143673985348
0.11229573286021423
0.1120511208820645
0.11180753148884262
0.11156505861569445
0.11132358586793618
0.1110831505346488
0.11084375901110928
0.11060538661763653
0.11036806439773565
0.11013173046799592
0.10989640651231491
0.10966209089967258
0.10942899885979823
0.10919666552888571
0.10896532398552682
0.10873510806129998
0.10850605462688158
0.10827762233346816
0.10805014833696927
0.10782362810984775
0.10759805616488688
0.1073734676262675
0.10714987770424231
0.10692711387707557
0.10670528105882678
0.10648436482849752
0.10626454963940749
0.10604551482120367
0.1058273141734234
0.10561001036121476
0.10540044753551177
0.10518494735938064
0.10497448819968397
0.10476100647233448
0.10454909740471965
0.10433703220445421
0.10412582363723873
0.10391782475816783
0.10370831301470378
0.10349964437684724
0.10329207562601912
0.103085077478472
0.10287890732351505
0.10267390756920504
0.10246937858525805
0.10226566236383464
0.10206280160829954
0.10186069846700689
0.10165939273881122
0.10145888111605222
0.10125916313307759
0.10106022989659795
0.1008620728168189
0.10182545979969009
0.10162669836037319
0.10142975136635371
0.10123241721972656
0.10103593876634286
0.10524465441120912
0.10504108641428221
0.10483832188426444
0.10463632126406354
0.10443545424712146
0.10423502222583049
0.10403541432099936
0.10383657908000533
0.10364071584152233
0.10344332357346903
0.1032472179806714
0.10305130295604015
0.10290476633736863
0.10357267469217117
0.10347551910600403
0.10329417741904937
0.10310221301986164
0.10290885285577728
0.10288191665703712
0.10270870861815232
0.10251719731336043
0.10233592503527911
0.10215190166407372
0.10196238139537793
0.10177357232540929
0.1015854511196322
0.10140357742924189
0.10121683138763563
0.1010307881282483
0.10084688026736258
0.10066257612437537
0.10048274509709848
0.10029942223207038
0.10011672747390632
0.09994537368050684
0.09976398678107255
0.09968044363488177
0.0995053105654778
0.09975778889169429
0.09964518822316318
0.09946605944908342
0.09928836937797202
0.09911104156623919
0.09893457714407748
0.09875795977101934
0.09858969623340755
0.09841432530122422
0.09823952188150624
0.0980654304843769
0.0978918635617661
0.097718910160453
0.09754656703429314
0.09737486936678197
0.09720373623820991
0.0970332050407286
0.09686327010655536
0.0966939316429577
0.0965251831983505
0.0963570596943254
0.09618948302848665
0.09602248739822887
0.09585607060897718
0.0956902346062261
0.09552496732165065
0.0953603155520196
0.09519618419995073
0.09503261707797363
0.09486961394085489
0.09470716597177808
0.09454527399170293
0.09438599017355283
0.09422519632317199
0.0940651281951796
0.09390542509128287
0.09374626355588965
0.09358764043650573
0.09342976784966425
0.09327221343507798
0.09311518990811413
0.09295878334546791
0.09292718704955391
0.0927715303195032
0.09261639398117627
0.0924617756272845
0.09230767465472604
0.0921540845138696
0.09200100463926184
0.0918484386207575
0.09169637818247617
0.09154481392101753
0.09139406320888455
0.09124350404239771
0.09109344778292161
0.09094386905092995
0.09079510101139313
0.09064650175224823
0.09049839220210319
0.0903509751146479
0.09020398715711075
0.09005731478260658
0.08991111784302443
0.08976539479951871
0.08962014431609923
0.08948873610273211
0.08934439943159868
0.08920053298783547
0.08905714926070069
0.08891420038548287
0.08877171159014109
0.08862968238289844
0.08848810161105561
0.08834697853655445
0.08820630148177927
0.08806607097274827
0.08792630531878298
0.08778696093634435
0.08764805751714126
0.0875095929713006
0.08737450079091895
0.08723690333960928
0.08709973839725141
0.08696301403253412
0.08682670836790632
0.08669083790662996
0.08655538570757343
0.08642035911185904
0.0862857557593132
0.08615156588865903
0.08601779090565964
0.0858844434813717
0.0857514959800504
0.08561899002979716
0.08548689194475893
0.08535517118553632
0.08522385553755857
0.08509294331707076
0.08496243266781145
0.08483232192744618
0.08470263678513475
0.08457332251239065
0.08444439994637981
0.08431586965726813
0.08418773076240456
0.08405998111823629
0.0839326180523417
0.08380564467956296
0.08367912117787145
0.08355298527907154
0.08342715246991632
0.0833016981052999
0.08317945770002903
0.08305476766691124
0.08293043418237993
0.08280653315900106
0.08268294131846524
0.0825597203462003
0.08243686361949465
0.08231437394294454
0.08219224579169389
0.08207047950163211
0.08194937181268641
0.08182832399612411
0.08170763430771612
0.0815873159126036
0.08146733526690425
0.0813477160898573
0.08122857844115908
0.08111504394791767
0.08099645470237977
0.08087821170281426
0.0807603134350259
0.08064278060422186
0.08052556726032037
0.08040869433136386
0.0802921599917532
0.0801759631165253
0.08006010293175504
0.07994457625971685
0.07982939608743726
0.07971676704415219
0.07960224379126184
0.07948803684177654
0.07937415713283416
0.07926060343051147
0.07914737433763724
0.07903446795484462
0.07892197629758532
0.07880983468550107
0.07869788923625824
0.07858626119366678
0.0784749492089732
0.07836395210966773
0.07825327681182626
0.07824227278744542
0.07813207240323775
0.07802218200604613
0.07791260045717427
0.07780332829625189
0.07772043485355792
0.07761173944627404
0.0775033431621312
0.07739525622156676
0.07728751053722396
0.07718001747667148
0.07707282665045523
0.07696593167551632
0.07685935608879321
0.07675304992546154
0.07664704401169739
0.0765413239509916
0.07643589545852268
0.07633076356212502
0.07622591361217705
0.07612135131641275
0.07601707663579395
0.07591308610688041
0.07580937970509505
0.07570595968283966
0.07560281804839437
0.07549995707145779
0.07539737560804548
0.07529508141656856
0.07519305556099055
0.07509130598541314
0.07498984542376111
0.07488864455274388
0.07478771662101416
0.07468706020564267
0.07458667437203294
0.07448655883065608
0.07438671089656673
0.07428713029295687
0.07418781594764542
0.07408876997733223
0.0739899849506958
0.07389146300002908
0.07379320339287286
0.07369520460909651
0.07359760773748043
0.07350012746233146
0.07340290507150826
0.07330593954301222
0.0732092298602378
0.0731127750119371
0.07301662230243211
0.0729206857956703
0.07282498935761825
0.07272954548074231
0.07263435286124273
0.07253941939599425
0.07244472212694109
0.07235027007723191
0.0722560700499847
0.0721621089705959
0.07206839194595877
0.0719749180264439
0.07188169445137381
0.0717887039022776
0.07169595363883796
0.07160344288473532
0.07151117040679107
0.07141915384901255
0.07132736357166464
0.07123580084564196
0.07115508494166056
0.07106397727848301
0.07097310262723176
0.07088246009514079
0.07079204879399903
0.07070186784012132
0.07061191635431964
0.07052219376482056
0.07043269859506826
0.07034343058470512
0.0702543882675093
0.07016557108891573
0.0700769781961267
0.07395634848566228
0.07386321618061854
0.07377030707452599
0.07367763125863816
0.07358528552184694
0.07349307443029661
0.07340111310299645
0.0733093617116177
0.07321788971438548
0.07320164446839231
0.07312425615033474
0.07303331032762288
0.07294278250933026
0.07285229091377221
0.07276614382347865
0.07267829159677647
0.07259764304280511
0.07269958671830401
0.07261079897094479
0.0725214146809852
0.07243221890055976
0.07235536367454647
0.07226658408721573
0.07217802954747052
0.07208968770201436
0.07200155849944466
0.07191364872968159
0.07182599247969285
0.07173873516486821
0.07165160358910735
0.07156476963609365
0.07147824103885546
0.0713916032031185
0.07130517269076607
0.07121895120020891
0.0711346110717877
0.07104902807502937
0.07096342683638475
0.0708814802977775
0.0707963928067647
0.07071159431712408
0.07062680851868454
0.07054428784298726
0.07046002449723021
0.07037585226698524
0.07029212173582222
0.07020845228883964
0.07012499468408681
0.07004171244904724
0.06995861826589747
0.06987673815877224
0.06979394609746867
0.06971143407204662
0.06962903355428567
0.06954682690309996
0.06981516935890911
0.06973295060115575
0.0696509812555729
0.06956913913641788
0.06948751348013954
0.06940609458110904
0.06932482504102204
0.06924376010531662
0.06916297216567331
0.06908523863133133
0.06900527046644828
0.0689256410629502
0.06884619518167354
0.06877294473937824
0.0686932761042074
0.0686153884963183
0.06853597308930526
0.06845705051529309
0.0683780151194206
0.06829915461806803
0.06822174096378777
0.06814323493275926
0.06806491389708806
0.06798689779022972
0.06790893116432349
0.06783126741106223
0.06775367936106966
0.0676767802451649
0.06759952813746359
0.06752246470862981
0.0674470207891032
0.0673728369880461
0.06729632205499601
0.06722023368080948
0.06714403053589368
0.06706798973120977
0.06699214523766893
0.06691649679337455
0.06684113481317687
0.06677013689903234
0.06669510853314335
0.06662672390661688
0.06655186241908136
0.06647720201710888
0.06643558811666346
0.06636119242831172
0.0662871949006023
0.06621318706926325
0.06613929707094243
0.06606557859949444
0.06599200931110726
0.06591866296342337
0.06584543695865584
0.0657723568270908
0.06569943847140666
0.0656304430549761
0.06555785711720848
0.06548542500426827
0.065413174890279
0.06534273649359913
0.06527077562188151
0.06519900140644505
0.06512736371505329
0.06505587374390613
0.06498454211755367
0.06491336518204703
0.06484273442028739
0.06477188445945396
0.06470117331576138
0.06463065838376747
0.06456025526575278
0.06449000588339944
0.06442230617491253
0.06435235821860812
0.06428256496699107
0.06423723991432487
0.0641727410473054
0.0641034004221846
0.06403417454529081
0.06396658345064825
0.06389765394261952
0.06382887295797654
0.06376026911453185
0.06369242092566195
0.06362408167404489
0.06355595599306928
0.0634879246297312
0.06342005905949166
0.06335231506737912
0.0632861474968239
0.0632187181615552
0.06315139613779919
0.0630842145623925
0.06301717501450473
0.06295027957280004
0.06288353157125379
0.06281694506331935
0.06275047210558038
0.06268469954077777
0.06261853720487111
0.06255257870546319
0.06248666915017204
0.06242140681123852
0.062355780942467985
0.06229028117257043
0.062226638170189454
0.062161411336068235
0.062096402361516624
0.06203144833982865
0.06196664227057646
0.06190196017226919
0.06183743956992516
0.06177302619125469
0.06170874624724714
0.061644611837454066
0.06158063884807356
0.06151675950660654
0.06145301478114555
0.0613900739994805
0.061326591136776736
0.06126324029906074
0.061200018986200776
0.06113692655181068
0.06107406191363597
0.06101122863924877
0.06094852758148671
0.060885952458330984
0.060823505327604485
0.06076118616230981
0.06069899896206725
0.06063693527729572
0.06057499777365117
0.06051318788949569
0.06045169514922969
0.06039013537820196
0.06032871965276014
0.06026758187229732
0.06020645435813038
0.060145394012608815
0.06008445787937461
0.06002365644033137
0.059962965421098025
0.05990239688957094
0.059841958053312085
0.05978163373916414
0.05972145457363293
0.059661373466883494
0.05960141312617777
0.059542536213701126
0.0594828152297912
0.05942321332997105
0.05936383718872744
0.05930448193457118
0.05924524658231079
0.05918636785203894
0.0591274332677743
0.05913470749256694
0.05907606553132428
0.05901736076767925
0.05895875886542247
0.05890027713943838
0.05884207282453335
0.05878449060126868
0.058726346412004825
0.058668478852414024
0.05861056327605429
0.05855552233290664
0.058497832163120524
0.058440260132597156
0.05838763676562366
0.058330394519636376
0.05827316870087111
0.05821611095178183
0.05815909398526466
0.058102189414438524
0.05804539737581134
0.057988712533851836
0.05793291104796635
0.05787646318574152
0.05782321543541398
0.05776696751925873
0.05771082858095041
0.0576705421592966
0.05761460564895781
0.057558778351298634
0.05750318780485347
0.05744841345919867
0.057395652797179356
0.05734025170298254
0.05728630758869837
0.05723151058417584
0.05717643443438228
0.05712145743745289
0.057066588812292596
0.057011822412280797
0.05695716102933518
0.056902604361682554
0.05684843759803691
0.05679408964319849
0.05673984504946096
0.056685715350804994
0.05663167749060404
0.056577744376181384
0.056523912078963325
0.05647020490092229
0.05641657708924932
0.05636306166963707
0.05630963719262182
0.05625631367255304
0.05620309104845413
0.05614997173840725
0.05609695004649185
0.05604402974504276
0.05599120942382094
0.05593848700440114
0.055885864004790745
0.05583398381089347
0.055781557535014695
0.05572926026041389
0.05567703095936971
0.055624919668848104
0.05557288513220746
0.055520947856382966
0.055469109349838085
0.055417365777683386
0.055371892706228144
0.0553207563655959
0.0552693058424896
0.05521794087056003
0.05516667084116237
0.055115495821829195
0.055064415658880324
0.05501364861340076
0.05498526530318934
0.0549344471282326
0.05488372302046743
0.05483422648977571
0.05478368803218145
0.05473324978221978
0.054682942717684896
0.05463268266003997
0.054582514907367756
0.05453243920561788
0.05448245530167139
0.0544325644716595
0.054382888387529936
0.05433317825189234
0.054284263117351565
0.0542347336802007
0.054185503922897275
0.05413615464792196
0.054086895614427075
0.054037725709323046
0.053988645122847734
0.05394053513755639
0.053891632309014184
0.05384281742467631
0.053794090893070266
0.053745452905677844
0.0536969030071682
0.05364864729212397
0.05360027578793935
0.05355198725119346
0.05350388360124524
0.053455768598006714
0.05340775815557024
0.05335981582329414
0.05331195948623289
0.053264188913216555
0.05321650387390302
0.05316890413877431
0.05312139022485644
0.05307396041215568
0.053026623301944194
0.05297936249686225
0.05293219435278462
0.05288510186529865
0.05283809373357293
0.05279116835655313
0.05274432953342397
0.052697589187231206
0.05265091326840907
0.05261465411574788
0.052568155039777215
0.05252171747743173
0.05247536157218866
0.052429121062040375
0.052382928003835934
0.05233681627143819
0.05229078869078036
0.05224483896433855
0.05219896992222763
0.052153181352120416
0.05210747304243407
0.05206184478232686
0.05201629750894011
0.05197084174280488
0.051925506498409164
0.05188019669940274
0.05183496601008005
0.051789813600663606
0.05174474590677576
0.051699750475552475
0.05166917691905345
0.05162432592733959
0.05158059077347392
0.05153589396763646
0.051491274146019464
0.05144673152132567
0.051402276711797465
0.05135788818063685
0.05131357737886641
0.05126934153629842
0.051225223788384115
0.05118114032421042
0.05113738376198286
0.05109345130170624
0.05104959426196229
0.0510058126531772
0.050962106996491764
0.05091847505557011
0.050874917762964836
0.05083143492726999
0.05078803969359603
0.05074470671445282
0.050701446094917904
0.05065825927474275
0.05061514586259403
0.05057218128871185
0.05052921751080299
0.050486323438213174
0.050443502129105276
0.05040075339848739
0.050358077061994175
0.050315474549544784
0.05027294285240826
0.05023048279798778
0.05018809420490931
0.05014577709343805
0.05010369918356048
0.0500615244529424
0.050019422568779344
0.049977389440570286
0.049935426896959394
0.04989354466101365
0.04985172274595832
0.04980997088436204
0.04976828900011511
0.04972667671834244
0.049685133964191774
0.049650824876736596
0.049609417464708164
0.049568076283487576
0.049526803946865185
0.04948560028301588
0.04944446512068586
0.049403398388201306
0.04936239971733973
0.049321471706500794
0.04928060884676053
0.049239813640761555
0.049199085920628584
0.04915842620868153
0.049117832958302764
0.04907730954584829
0.04903685196582204
0.048996459171781
0.048956132966050545
0.04891587406665517
0.04887568025065957
0.04883555938331427
0.04879549769196439
0.04875550138238081
0.04871560700293207
0.048675741530752915
0.048635942616115084
0.0485962073688797
0.048556537287458415
0.048516931726220104
0.04847739062456874
0.04843791392210574
0.04839850417754312
0.048359155800163006
0.04831987135190942
0.04828065067711079
0.048241494007329716
0.04820240041413091
0.04816337013039477
0.04812440300245756
0.04808549887715242
0.04804665760180738
0.04800787921667158
0.047969163281181754
0.04793060685027433
0.04789205578666876
0.0478552322429949
0.0478167635026141
0.04777835665515703
0.04774001126458306
0.047701728043412335
0.04766350607803741
0.04762534483955162
0.04758724599419018
0.04754920662888707
0.04751122907670847
0.047473311477155666
0.04743545435224329
0.04739765793736012
0.04735992094855649
0.04732224931351224
0.04728463226318353
0.047247074969884735
0.04720957729133721
0.047172139180249144
0.047134760306096805
0.047097442699046026
0.04706018215831045
0.047022980433284116
0.046985945004615726
0.046948872357453625
0.0469118464328815
0.04687487886280043
0.04683796969709629
0.0468011902639331
0.04676439790625805
0.046727662322671046
0.04669098440876
0.04665436402883156
0.04661780104761774
0.04658129533027427
0.046544846835656906
0.046508455429545015
0.04647212088500517
0.04643584288275302
0.04639962203436984
0.04636345709124095
0.046327350708007003
0.04629129829500466
0.046255301951073864
0.046219362657025205
0.04618347842890411
0.04614764978592421
0.04611187724568941
0.046082178216294345
0.046046526488701396
0.046017579314667406
0.0459820170431723
0.045946509694104215
0.0459110571403279
0.0458756592551002
0.04584038708535699
0.04580509810376703
0.04577012086188735
0.0457349402303327
0.04569981354812814
0.04566475304188819
0.0456297340594941
0.04559476883738666
0.0455598570695173
0.04552499872439907
0.04549019377064134
0.045455441903742455
0.04542074354812607
0.04538609767204054
0.04535150460979051
0.045316972502689554
0.045282510827791035
0.04524809531118759
0.04521371615516561
0.045179397172735766
0.045145118419190444
0.045110891642526914
0.04507671672461591
0.04504259363792754
0.04500852289605546
0.04497450284851499
0.04494053455092324
0.044907883769978174
0.04487401658764788
0.04484021311498797
0.04480645812752656
0.04477274891457484
0.04473908582100349
0.04470547277321107
0.044671910911431655
0.04463839860017027
0.04460497084658652
0.044571558883405554
0.044538211125331864
0.044504899788419774
0.04447163753147775
0.044438424956771645
0.04440526195307257
0.0443721484094834
0.044339084215437585
0.044306070503384906
0.0442731046771175
0.04424018804792898
0.04420733768768611
0.04417451911127024
0.044141751968557255
0.044109030136112067
0.04407635678045568
0.04404373179394166
0.04401115577462207
0.0439786273804195
0.04394614738623567
0.043913714805138816
0.0438813300597073
0.043848993659121434
0.04381670426761987
0.043784462395458267
0.043752267937814546
0.04372012105294313
0.043688021110907194
0.043655968882993605
0.04362396304070402
0.043592004093421455
0.0435600919381554
0.04352822647221674
0.04349640759321658
0.04346463519906522
0.043432909187971006
0.0434012294584393
0.043369597994562054
0.043338010610159086
0.04330646911772083
0.04327497437079319
0.0432435245347679
0.04321212063723199
0.0431807621456297
0.04314944904762707
0.04311818539094089
0.043086962954017684
0.04305578570151839
0.04302465353542908
0.04299357385162786
0.04296253156003823
0.04293161619699971
0.04290066333744888
0.04286975507856022
0.04283889132400403
0.04280807206348984
0.042777297029655555
0.042746566212823904
0.042715879517768035
0.04268523693505033
0.04265463819889617
0.04262408338586636
0.04259357223097311
0.04256335248131751
0.042532928440379675
0.04250254777720797
0.04247221048400512
0.042441916978136
0.04241166716597087
0.04238145976545169
0.042351295025405106
0.04232117336352256
0.04229110155071173
0.04226106525699674
0.0422310715981912
0.04220112048358255
0.042171225762715356
0.04214135945551796
0.04211153542193302
0.04208175357227112
0.04205201406983687
0.042022316319787555
0.04199266326232745
0.04196304925438505
0.041933477069716195
0.04190394645206147
0.041874457397556145
0.041845009818514266
0.04181562222490407
0.04178625732165625
0.041756933632307716
0.04172765107015322
0.041698539689465734
0.04166933903141989
0.04164017940887764
0.041611060402298006
0.04158198209314196
0.041552944396149545
0.04152394722629878
0.04149499116384938
0.04146608376549165
0.04145577262993089
0.04142692388016008
0.04139811558542164
0.04136934691580008
0.04134061820266411
0.04131192952828235
0.041283280478678824
0.04125467113669776
0.04122610141984409
0.04119757141084666
0.04116908242881419
0.041140631093341616
0.041112219055293726
0.041083846397849455
0.0410555129573184
0.041027218323991504
0.04099896266398876
0.04097074589684217
0.0409425764689143
0.04091443724110062
0.04088633977729666
0.04085827777333146
0.040830254344961056
0.04080226924945388
0.04077432248969399
0.04074641439493463
0.04071854407045109
0.04069071184620608
0.04066291788840663
0.0406351685470075
0.040607450150999994
0.040579769544216764
0.04055212664943187
0.04052452138962967
0.04049695368800407
0.04046962198605593
0.04044212911732171
0.040414736537962986
0.040387318127828684
0.04035993689519964
0.04033259276451184
0.04030528566040587
0.040278015507726306
0.04025078239272348
0.040223585918133804
0.040196426331705996
0.04016934409834152
0.04014225755478228
0.04011520751599874
0.040088193908243856
0.04006121665796913
0.04003427569182389
0.04000737093665466
0.03998050231950445
0.039953669767612165
0.03992687320841189
0.039900112569532256
0.0398733877787958
0.03984669876421829
0.03982004553374676
0.03979343032649236
0.03976684844760212
0.039740301819799984
0.03971379124732104
0.03968731610174485
0.039660875597486045
0.03963447022092314
0.039608101250281684
0.03958179999963225
0.03955549980029695
0.03952923452818519
0.039503004113767025
0.039476808487696885
0.03945064781780962
0.039424521639923174
0.03939842996445003
0.03937237280177513
0.03934635008346596
0.03932036174127081
0.03929440770711815
0.03926849255251156
0.03924260708505344
0.039216755565234566
0.039190938082966476
0.03916515457106979
0.0391394049625418
0.03911368926888
0.03908800734500633
0.039062359046223516
0.039036744462723885
0.03901116337198816
0.038985619611586
0.03896010858328013
0.03893462780592024
0.03890918033676604
0.03888376611054999
0.038858410739910386
0.03883306278769909
0.03880774788366539
0.038782465963220006
0.038757216961941864
0.03873200081557756
0.038706817460040774
0.03868166683141176
0.03865654886593682
0.03863146350002771
0.03860641067026116
0.038581390313378296
0.03855640236628414
0.038531446766047056
0.03850652344989826
0.03848216414738217
0.038457311644937424
0.03843248445859466
0.03840768930733105
0.03838292612918319
0.03835819578406803
0.038333496443066876
0.03830882881343813
0.0382842076295849
0.03825960338303632
0.038235030741171815
0.038210489872678007
0.038185980257621766
0.03816150206514893
0.03813705523487017
0.03811263970655079
0.03808825542011026
0.0380639023156217
0.0380395813997195
0.03801529085990249
0.03799103101838965
0.037966802196578525
0.03794260410722443
0.03791843684346187
0.03789430034642593
0.03787019455740148
0.03784612434380734
0.037822079792127664
0.03779806577321203
0.037774082455860884
0.03775012932811462
0.037726206785845734
0.03770231431796362
0.03767845209371175
0.03765462005570181
0.03763081814669062
0.03760704638488556
0.037583304562672885
0.03755959269859548
0.037535917500663686
0.0375122653787351
0.03748864867550964
0.03746505629599567
0.03744149336750762
0.03741796005929423
0.03739445788802074
0.03737098380172477
0.037347545375712825
0.0373241328268519
0.03730075790780368
0.03727740823147941
0.03725408143790039
0.03723078307552522
0.03720751383610302
0.037184273962899354
0.03716106280561914
0.037137880607986194
0.03711472731583658
0.03709160287514135
0.037068507232006144
0.03704544033267074
0.03702240264245433
0.03699939581093892
0.036976414819752
0.036953462358659664
0.036930588437487664
0.036907692846391886
0.03688482577425568
0.036861986872847474
0.03683917623740635
0.036816439226884136
0.036793684938115974
0.0367709769451101
0.036748278811193365
0.036725608682377085
0.03670296687434003
0.03668035260023384
0.03665776617621892
0.036635207697598815
0.036612681878232106
0.036590178693303874
0.03656770315356597
0.03654525520810645
0.036522834806138285
0.036500441896999025
0.036478117553051394
0.036455779452896436
0.03643346869435733
0.036411185300176854
0.036388929365908436
0.036366700331475994
0.036344500039821225
0.03632232545628736
0.036300177842239954
0.03627826807087494
0.03625617411955285
0.03623410742565554
0.03621206721432607
0.03619005379960611
0.03616806713265617
0.036146107164755345
0.036124173847301
0.036102270674099435
0.03608039051005452
0.03605853685135673
0.03603670964987286
0.03601490885758619
0.035993134570742755
0.03597161208035039
0.035949898370745484
0.03592820266817369
0.03590653306463438
0.03588488958478831
0.035863272181423975
0.03584169135748138
0.03582012595955269
0.035798595529184775
0.035777081950140795
0.0357555942132338
0.03573413313057907
0.035712697080961774
0.035691286591105084
0.035669901757916886
0.03564854253530735
0.03562720887729699
0.03560590095190855
0.035584676569060815
0.03556341957997359
0.03554220348715642
0.03552099692182995
0.035499815647577225
0.035478659619181764
0.03545752879153485
0.03543642311963512
0.035415343622322876
0.03539428812670913
0.035373262114843616
0.03535225661477542
0.03533127604705152
0.03531032036730831
0.03528938988460467
0.03526851612114284
0.03524763482089349
0.03522677851439417
0.03520595025913076
0.03518514458037819
0.03516436186060243
0.03514360374805737
0.03512287041018022
0.03510216117055157
0.03508147633780522
0.03506081586881947
0.03504017972057414
0.03501956792027338
0.03499900530351279
0.034978441845637635
0.03495790253744877
0.03493738733642914
0.034916896200161446
0.03489642908632782
0.03487598595270958
0.03485556675718692
0.034835171457738595
0.03481480057014569
0.03479445293684928
0.034774134435760856
0.03475383429890402
0.03473355784948809
0.03471330504607731
0.03469307584733251
0.034672870281439644
0.03465268816835382
0.034632529536493234
0.034612394552825394
0.034592282760522765
0.034572194326863925
0.03455212928036504
0.034532087442035356
0.034512068840619685
0.034492097056093005
0.03447212479375595
0.034452175647463265
0.034432249577106146
0.03441234654266851
0.03439246650422676
0.03437261940185586
0.0343527863996366
0.03433297510413508
0.034313186645861804
0.034293420985351514
0.034273678083229835
0.03425396722836746
0.03423432106191678
0.034214646233265845
0.03419499393789924
0.034175364205443495
0.034155757065457176
0.03413617234236918
0.03411661006595522
0.03409707019764711
0.034077552698965
0.034058057531517076
0.03403860074218848
0.03401915011319294
0.03399972170079249
0.033980867699403304
0.033961483291132105
0.03394212098594902
0.03392278074607099
0.03390346260168785
0.033884166379376135
0.03386489238077412
0.033845640025810635
0.03382640954852324
0.03380720091164163
0.0337880143486027
0.033768849280906385
0.03374970594231177
0.033730584295885525
0.033711484507285255
0.03369240633700825
0.033673349546093655
0.0336543143004486
0.03363699255042026
0.0336179999362659
0.03359903111304854
0.033580080728890016
0.03356115170931342
0.03354224401820958
0.03352335761955068
0.033504492477389985
0.03348564855586164
0.03346682581918044
0.033448024231641574
0.033429243757620436
0.03341048549880914
0.03339174714463145
0.03337303026532655
0.03335433395661168
0.033335658517666206
0.033317003980163316
0.03329837030903347
0.03327976226695602
0.033261170220996825
0.03324259893667466
0.033224048445755355
0.03320551858047607
0.033187009372794646
0.03316852078818585
0.0331500531904505
0.0331332665590193
0.03311483877962568
0.033096432083301375
0.0330780586205845
0.033059692124959524
0.033041346013902385
0.033023020253495336
0.03300471480989584
0.032986430045599785
0.03296816513416811
0.03294992043846575
0.03293170297987867
0.0329134986111778
0.032895314489524416
0.03287715038390308
0.032859006326963446
0.032840883008807616
0.032822778883664944
0.03280469470797147
0.03278663044877104
0.03276858607318008
0.03275056161395902
0.03273255690718939
0.03271457198581181
0.03269660688269455
0.03267866143435059
0.03266073593539431
0.032642829830166566
0.03262494334806785
0.03260707645685861
0.03258922912436991
0.03257140131850318
0.03255359300723008
0.032535804614583885
0.03251803519644375
0.032500285242302286
0.03248255459023338
0.03246484327366292
0.032447151455872264
0.03242947871542789
0.03241182521585498
0.032394190925748426
0.03237658145333341
0.032358985485152245
0.03234140979817766
0.032323852029557586
0.032306313508449744
0.032288793815657746
0.03227129311440265
0.03225381137382063
0.032236348756741036
0.03221890503859767
0.03220147999531017
0.03218407411209448
0.03216668671387076
0.032149318092534976
0.032131968217687414
0.03211463705899395
0.03209732458618587
0.032080030769059686
0.032062761354956136
0.032045504755733874
0.03202826672197608
0.032011047223738466
0.03199384623114108
0.031976664482633727
0.0319595005394968
0.031942355652142165
0.03192522844761516
0.03190811953633563
0.03189102895275966
0.03187395666745304
0.03185690265104456
0.03183986687422582
0.03182285650740836
0.03180585890129044
0.03178887766322248
0.031771914611752924
0.03175496959062666
0.031738042634554896
0.03172113371466435
0.03170433255066972
0.03168746039376118
0.03167060624936486
0.03165376913812118
0.03163694991966309
0.0316201486921001
0.03160336517368603
0.031586599462718565
0.031569851594079414
0.03155312141305446
0.03153640895467891
0.03151971419080666
0.0315030370933512
0.031486377634285447
0.03146973578564153
0.03145311151951071
0.03143650480804318
0.031419915623447904
0.03140334431523696
0.031386790101048646
0.0313702533307109
0.03135373410221581
0.031337232325124025
0.031320747846477745
0.03130428057631661
0.03128783405814175
0.03127140137218684
0.031254986251280856
0.031238828094683174
0.03122244695776934
0.031206087240390503
0.03118974041627296
0.031173410709248735
0.031157098092446406
0.031140803786008444
0.031124525268608542
0.03110826376115368
0.031092019423747234
0.031075803055280304
0.031059592412058978
0.03104339867253236
0.03102722224511816
0.03101106223353216
0.03099491904652876
0.030978792781894016
0.030962683165262767
0.03094659029459475
0.030930514205719264
0.030914454748706948
0.030898411959527545
0.030882385812245634
0.030866376280979567
0.03085038333990134
0.030834406963236447
0.03081844712526376
0.030802503800315354
0.03078657856538073
0.030770668188861153
0.03075477424868096
0.030738896719383756
0.030723035575565705
0.030707190791875366
0.030691362343013576
0.030675551923390512
0.03065975612899602
0.03064397653242937
0.03062821317001557
0.030612466261875224
0.030596735292573132
0.030581020482458816
0.030565355279622237
0.03054967330774568
0.0305340068086135
0.030518356369449683
0.03050272196557189
0.03048710357234835
0.03047150116519771
0.030455914719588917
0.030440344211041068
0.030424789615123318
0.030409250907454714
0.0303937280637041
0.03037822154615826
0.030362730357200506
0.030347254959464928
0.030331795328818235
0.030316351441176267
0.030300923575835352
0.0302855111019921
0.03027011429919495
0.03025473320412894
0.030239367671775395
0.030224017738947083
0.03020868338190043
0.030193364576940038
0.030178061300418526
0.030162777937166003
0.030147506006694278
0.030132249171670646
0.030117008253361183
0.03010178226334432
0.03008657166088684
0.03007137702474105
0.030056197127202058
0.030041044035167237
0.03002589474417623
0.030010760724647915
0.029995641953501996
0.029980538407704666
0.029965450064268477
0.029950376900252245
0.029935318892760916
0.029920278295298496
0.02990525053121246
0.029890237855242977
0.029875241141887485
0.029860258573611714
0.029845291264470577
0.029830338833185047
0.02981540221251085
0.029800479588780866
0.029785571895139654
0.029770680956932662
0.02975580305540496
0.029740940016915747
0.029726091819203857
0.02971126004616313
0.029696441640966943
0.02968163783157464
0.029666856020710786
0.02965208169002318
0.029637322245492464
0.02962257730905192
0.02960784703689426
0.029593131407154253
0.029578430398010114
0.029563743987683397
0.029549072154438888
0.029534414876584505
0.029519772132471176
0.029505143900492744
0.029490530159085863
0.02947593088672988
0.02946134606194674
0.02944677578121311
0.02943558868645898
0.029421045411416262
0.029406516558970763
0.02939200199008677
0.02937750274221592
0.029363017264371565
0.029348545712451494
0.029334088300770483
0.02931964512583165
0.02930521616661618
0.029290801402146623
0.029276400811486764
0.029262014373741565
0.029247642068057016
0.02923328387362007
0.029218939769658527
0.029204609735440944
0.02919029375027651
0.029175991793514985
0.029161703844546562
0.02914743309204779
0.029133174145214567
0.02911892809428781
0.029104695969119538
0.02909047774930072
0.029076273414462193
0.029062083060633053
0.029048013478758912
0.029033850624795594
0.02901970157478351
0.029005566308551275
0.028991453453496425
0.028977345690258713
0.028963251650526097
0.02894917131428374
0.028935104661555713
0.028921057288351357
0.028907017940153126
0.028892992215776535
0.02887898009540031
0.028864984968511375
0.028850999995173918
0.028837793556997133
0.0288238434189579
0.02880989882012329
0.028795967534426904
0.02878204971541558
0.028768145343572384
0.0287542546872241
0.02874037732377844
0.02872651340651518
0.028712663203374244
0.02869882899252825
0.028685004893784255
0.028671194106642327
0.02865739661188456
0.02864361239033002
0.028629853057062036
0.02861657294973543
0.028602828198078495
0.028589097158560953
0.028575378781805407
0.02856167367851368
0.0285479816010072
0.028534302644801637
0.028520639702756773
0.02850698698830322
0.02849334728161025
0.028479720621026026
0.02846610698784198
0.028452506363385293
0.028438920778457857
0.02842534611460179
0.028411784631167843
0.028398235968214756
0.02838470016423052
0.02837117720083641
0.028357667173221385
0.028344169949435942
0.028330685567918606
0.028317214010349458
0.028303755315101802
0.02829030940721305
0.028276876211863
0.02826345899244888
0.028250051279454357
0.028236656281218485
0.028223274205652526
0.028209904582627586
0.028196547620230508
0.02818320330048596
0.02816989878484047
0.028156579683760168
0.028143273171622286
0.028129979230587035
0.028116698011699984
0.028103429215662976
0.028090172881127286
0.028076929327692658
0.02806369797551184
0.028050479144251253
0.028037273658098532
0.02802407964696531
0.028010898047883953
0.02799772884334804
0.02798457201588406
0.027971428051988878
0.027960171595597827
0.027947050914417352
0.027933942541568186
0.02792084752161152
0.02790776371302595
0.027894692160935538
0.02788163284812611
0.02786858575741571
0.027855550871654526
0.027843485103642773
0.027830474797758104
0.027817475977208007
0.027804489293745255
0.027791514730379066
0.02777855232575169
0.02776560195170705
0.027752663646976525
0.02773973739469568
0.027726823178031483
0.02771392153490174
0.027701031338838993
0.027688153128081747
0.027675286885921857
0.027662432595682226
0.02764959024071673
0.027636759804410133
0.027623941270178032
0.027611134621466776
0.0275983398417534
0.02758555730105073
0.02757278620970765
0.027560026937977104
0.02754727963487342
0.027534544008231906
0.02752182020712762
0.027509108380360126
0.027496407960978613
0.027483719318269016
0.027471046779794756
0.027458381474686506
0.02744572784267052
0.02743308586761632
0.027420455533423125
0.027407847466603685
0.027395240361053272
0.027382645779993418
0.027370061843513642
0.027357489467839086
0.02734492896544591
0.027332379663488386
0.027319841874651925
0.027307315583100043
0.027294800773025298
0.02728230004982626
0.02726981279373141
0.027257332330210254
0.02724486339429458
0.02723240575213898
0.027219959497224843
0.027207524613946075
0.02719510108672509
0.02718268890001276
0.0271702880382883
0.02715789848605926
0.027145520662535012
0.027133153682734314
0.027120797966121046
0.027108453551575373
0.027096122213433844
0.027083800193327692
0.02707160504753101
0.027059305471597805
0.027047016958667926
0.027034739601900486
0.027022474413775303
0.02701021932333822
0.026997989285351104
0.026985756394872922
0.026973534584911474
0.026961323840418532
0.026949124146373096
0.02693693548778134
0.026924758119136895
0.026912591486457665
0.026900435898256594
0.02688829123193684
0.026876157634096863
0.02686403492844742
0.02685192315400235
0.026839830945153118
0.02682774093121386
0.026815661804274995
0.026803593549637607
0.026791536152629223
0.026779489652205057
0.026767453926518674
0.026755429014601997
0.026743414901887762
0.02673141157383485
0.02671941901592824
0.026707437213678943
0.026695466152623956
0.026683505818326184
0.026671556196374405
0.02665961727238319
0.026647689031992862
0.0266357721006326
0.026623865184181715
0.026611968908406836
0.02660008325905069
0.026588208221881474
0.026576343835887452
0.02656448998047448
0.02655264669470521
0.0265408139644491
0.026528991775600794
0.026517180114080045
0.026505379018884317
0.026493588369854566
0.026481808206061833
0.026470038513525807
0.02645827927829101
0.02644653048642676
0.026434792124027103
0.026423064177210763
0.026411346632121094
0.026399639474926004
0.026387942691817927
0.026376256269013756
0.026364580192754786
0.026352914502054136
0.02634125907768348
0.026329613958727828
0.02631798213413551
0.026306357583722906
0.026294743297813977
0.02628314057801251
0.026271546779786655
0.02625996320536876
0.02624838984124123
0.026236826673910287
0.02622527368990592
0.026213730875781844
0.02620219821811542
0.02619067570350763
0.02617916331858301
0.026167661049989608
0.026156168884398923
0.02614468712248984
0.02613321512287488
0.026121753186417483
0.0261103075712603
0.026098874651457445
0.02608744344508819
0.026076021935372964
0.02606461010958068
0.02605320826788795
0.02604181639719801
0.026030434484437
0.026019062568633088
0.026007700532576915
0.025996348415364964
0.025985006204014456
0.025973673885565256
0.0259623518108395
0.025951039239244366
0.02593973652180567
0.025928443645653384
0.02591716059793987
0.02590588736583985
0.025894623936550357
0.025883370297290664
0.02587212643530227
0.025860895909454253
0.02584967156227133
0.025838459540095397
0.0258272546573807
0.025816059488478496
0.025804874072412987
0.02579369829325646
0.025782532706156443
0.025771376266214358
0.025760229528732987
0.02574909237805044
0.025737964853254393
0.0257268469418707
0.025715738631446747
0.025704660694787714
0.0256935775570374
0.025682497963437988
0.025671428178128865
0.025660367674820755
0.02564931669821661
0.025638275236013332
0.02562724327592899
0.02561629770804333
0.025605284733624258
0.025594281173360562
0.02558328706632733
0.025572302400347798
0.025561327163266104
0.025550369014004027
0.025539412595044334
0.025528465568642685
0.025517527922726387
0.02552940054696066
0.025518471865219668
0.025507552536222996
0.025496642547969694
0.025485741888479328
0.02547485059673608
0.0254639685588904
0.025453096221193974
0.025442251632822918
0.02543139742990789
0.025420552484308783
0.025409716784187592
0.025398915154387622
0.025388097899211138
0.025377300460527125
0.02536650165999468
0.025355883599757215
0.025345103037002218
0.02533433163749648
0.025323569389562112
0.02531281668649812
0.025302072706580254
0.025291337944472476
0.025280617545049316
0.02526994206107468
0.02525923445850643
0.025248535926334255
0.025237848219471493
0.02522716779280223
0.02521649640202693
0.02520592082525036
0.025195267435214327
0.025184623046775285
0.02517398764852918
0.025163362336141012
0.025152744883678507
0.025142140107872787
0.02513154055470758
0.025120949935004796
0.025110368237475308
0.025099795450849
0.02508923156387474
0.02507867656532031
0.025068130443972405
0.025057601807294317
0.025047073403173605
0.025036553842735478
0.025026043114841804
0.025015541208373133
0.025005048112228683
0.024994564215189533
0.024984088756259983
0.024973624771229944
0.02496316680440782
0.02495271759268559
0.02494227747422199
0.02493184573960291
0.02492144216301547
0.02491102785371208
0.024900690309006046
0.024890293361069092
0.02487990519122664
0.024869525589561545
0.024859155141897932
0.02484879289265549
0.024838439228950217
0.024828094189704508
0.02481775781377594
0.024807429991131835
0.024799275678509182
0.024789044817059996
0.024778741805914085
0.02476844735564158
0.02475816343579298
0.024747886123951342
0.024737617291534765
0.02472736127903497
0.024717109470876165
0.024706866159864612
0.024696631335440478
0.024686404987061414
0.02467618710420253
0.024666026797333596
0.024655825793695327
0.02464563322412373
0.024635449078163348
0.024625273345376
0.02461510601534075
0.02460494707765386
0.0245948033085407
0.024584661514876913
0.024574529163169347
0.02456440368761798
0.024554286552656027
0.02455260554783449
0.02454250159493415
0.024532406346920544
0.024522322439958694
0.024512243392511117
0.024502212247183835
0.02449214973702072
0.024482095488360205
0.024472049491032193
0.024463299742734902
0.02445326968953985
0.024443247857699874
0.024433235702195827
0.024423230282170357
0.024413236956920877
0.0244032479074295
0.024393267028939753
0.024383490769472268
0.024869466435535136
0.024859307339768984
0.024849156540528574
0.02483901402765489
0.0248288797910055
0.02481877278070837
0.024808655058417006
0.02483234460655306
0.024822229598566684
0.024812122876095476
0.024802024331986364
0.0247919340047561
0.024787109403697313
0.024777034845192215
0.024766966972439193
0.024756910570825262
0.024746859043999918
0.024736815675881412
0.026118296807369615
0.02774282434211085
0.027731578770833137
0.027720342505868068
0.027709115149648602
0.02769789688440583
0.027686687699102548
0.027683719926486532
0.027672525539132513
0.02766134020140449
0.027650163902333214
0.027638996775404892
0.027627838520751923
0.027616689416275354
0.027605549162376092
0.027594417892552552
0.027583295595941287
0.027572182741991354
0.027561078359090833
0.027549982916917286
0.027539016699334548
0.027527939057862574
0.027516870324827646
0.027505810489488084
0.02749475954111947
0.0274837174690146
0.027472684262483484
0.027461659910853274
0.02745064440346825
0.027439637729689798
0.027428641742283662
0.02741765270312409
0.027406672465758
0.027395701019614787
0.02738473835414075
0.027373784458799094
0.027362839323069866
0.02735190298409553
0.027340975336079515
0.02733005641621686
0.0273191462140547
0.027308337421441783
0.02729744458641129
0.027286570609487828
0.027275695180472206
0.027264835588626718
0.02725397743028796
0.027243127916979724
0.027232287038381642
0.027221454831607938
0.027210631191515847
0.027199870970704854
0.027189064506274698
0.02717826662521581
0.02716747731730584
0.027156696572338657
0.02714599199407166
0.02713522874303636
0.027124473598865516
0.02711585957912933
0.027105120624840565
0.027094390173286787
0.027083668214373736
0.02707295473802311
0.027062260905466862
0.02705165123624484
0.027040963108533957
0.027030283423262025
0.0270196121704301
0.027008955785019467
0.026998367241622585
0.02698772119775759
0.02697708354651685
0.02696660619591559
0.026955985381197943
0.02694537278852818
0.026934768548941983
0.02692417593527824
0.026913588417886974
0.026903011566958214
0.026892461904083714
0.02688189931857908
0.026871344980409242
0.02686079892664927
0.026850261147548973
0.026839731633373467
0.026829210374403112
0.026818697360933518
0.026808192583275495
0.026797696031755025
0.026787207696713243
0.026776727848340315
0.026766255917230287
0.026755792173712996
0.026745337213785605
0.02673488981643647
0.026724450577929465
0.026714019488710914
0.02670359691133485
0.026693182091946654
0.02668277622983086
0.02667453863762621
0.0266642453768891
0.026653891997784278
0.026643756533366935
0.026633389312925936
0.02662303252192718
0.02661270162821747
0.026602358565011787
0.026592024140440887
0.02658169792778669
0.026571380750466653
0.02656106977617466
0.026550977556531626
0.026540717848658576
0.02653066715457469
0.02652225539587793
0.026520191348115257
0.02650992414279272
0.026499664884223527
0.026489413563185144
0.026479170585350594
0.02646894617067524
0.026458816196338338
0.026448597320157804
0.02643840828909046
0.026428205867480938
0.026418014997377268
0.026407826792596175
0.026397646443023084
0.026387473985514904
0.02637730931911062
0.02636715248071281
0.026357003461282207
0.02634686225179345
0.026336728843235065
0.026326606709833236
0.02631648887481793
0.02630638137839961
0.02629627967653368
0.026286682289011584
0.026791602535911715
0.02678132574169004
0.026771056828445525
0.02676079578711611
0.026750542608653612
0.02674029728402372
0.026730059804205945
0.026719830160193622
0.026709608342993855
0.026699394343627506
0.02668918815312918
0.026678989762547164
0.026668799162943443
0.026658616345393637
0.026648441300986998
0.026638274020826375
0.026628114496028196
0.02661796271772243
0.026607818677052565
0.026597682365175592
0.026587553773261968
0.026577432892495596
0.026567319714073796
0.026557214229207277
0.026547116429120127
0.026537026305049765
0.026526943848246935
0.026516869049975668
0.026506801901513263
0.026496742394150258
0.026486690519190413
0.026476646267950675
0.026466609631761156
0.026456580601965114
0.026446559169918914
0.026436545326992023
0.02642653906456697
0.026416540374039323
0.026406549246817675
0.026396565674323604
0.02638658964799166
0.026376621159269337
0.026366660199617045
0.02635670676050809
0.026346760833428653
0.026336822409877756
0.026326891481367243
0.02631696803942176
0.026307052075578725
0.026297143581388297
0.02628724254841338
0.026277348968229558
0.026267462832425106
0.02625758413260095
0.026247712860370653
0.026237849007360366
0.02622799256520884
0.02621814352556738
0.026208301880099823
0.026198467620482526
0.026188640738404326
0.02617882122556653
0.026169009073682883
0.026159204274479556
0.026149406819695107
0.02613961670108047
0.026129833910398928
0.026120058439426087
0.026110290279949863
0.026100529423770443
0.026090775862700272
0.02608102958856404
0.02607129059319863
0.026061779467253313
0.02605205492267598
0.02604233763251459
0.026032627588654596
0.026022924782993524
0.026013229207440994
0.026003540853918667
0.025993859714360246
0.025984185780711433
0.02597451904492992
0.025964859498985356
0.02595520713485934
0.025945561944545382
0.025935923920048894
0.025947522189390584
0.025937890592438322
0.025928266143238902
0.02591864883383859
0.025909038656295454
0.025899435602679332
0.02588983966507182
0.025880250835566238
0.02587066910626762
0.025861094513411596
0.025851526960872413
0.025841966484925344
0.025832413077722046
0.02582286673142577
0.025813327438211353
0.02580379519026519
0.02579426997978521
0.02578475179898086
0.025775240640073083
0.025765736495294296
0.025756239356888363
0.025746749217110586
0.025737266068227672
0.02682664568379199
0.02681677205637801
0.026806905694326363
0.026797046589620836
0.026787194734257003
0.026777350120242207
0.026767512739595534
0.026757682584347797
0.0267478596465415
0.026738043918230845
0.026728235391481676
0.026718434058371487
0.026708639910989387
0.026698852941436074
0.026689073141823828
0.026679300504276474
0.026669535020929374
0.026670691227005272
0.026686283710020846
0.026676526385081167
0.026666776192688958
0.026657033125026302
0.026647297174286703
0.02663756833267506
0.02662784659240766
0.026631492502977777
0.02662178006953395
0.026612074717704007
0.026602376439745657
0.0265926852279279
0.026583001074530987
0.026573348446464716
0.026563678377888852
0.026554015344648442
0.026544359339068572
0.026534710353485487
0.026525068380246573
0.02651543341171034
0.026505805440246395
0.026496184458235417
0.026486570458069146
0.02647696343215037
0.026467363372892884
0.026457770272721483
0.026448184124071947
0.026438605135271586
0.02642903286693876
0.02641946752750085
0.026409909109437354
0.026400357605238643
0.026390813007405946
0.026381275308451337
0.026371744500897704
0.026362220577278748
0.026352703530138934
0.026343193352033507
0.026333690035528445
0.02632419357320045
0.02631470395763693
0.02630522118143598
0.026295745237206358
0.026286276117567463
0.026276813815149333
0.026267358322592603
0.026257909632548506
0.02624846773767884
0.02623903263065595
0.02622960430416272
0.026220182750892548
0.026210767963549316
0.026201359934847398
0.026191958657511605
0.026182564124277205
0.02617317632788987
0.02616379526110568
0.026154420916691096
0.02614505328742294
0.02613569236608838
0.026126338145484915
0.02611699061842034
0.02610764977771275
0.02609831561619051
0.026088988126692227
0.026079667302066754
0.02607035313517316
0.0260610456188807
0.026051744746068826
0.02604245050962713
0.026033162902455366
0.026023881917463403
0.026014607547571223
0.02600533978570889
0.02599607862481654
0.025986824057844374
0.025977576077752616
0.025968334677511508
0.025959099850101298
0.02594987158851221
0.02594064988574444
0.025931434734808117
0.025922226128723313
0.025913024060520002
0.025903828523238057
0.025894639509927226
0.02588545701364711
0.025876281027467158
0.025867111544466637
0.025857948557734625
0.02584879206036999
0.02583964204548136
0.025830498506187138
0.02582136143561544
0.02581223082690412
0.025803106673200724
0.025793988967662492
0.025784877703456322
0.025775772873758773
0.025766674471756037
0.025757582490643912
0.025748496923627812
0.025739417763922724
0.025730345004753206
0.025721278639353366
0.025712218660966835
0.025703165062846776
0.025694117838255842
0.025685076980466168
0.025676042482759356
0.02566701433842646
0.025657993839706857
0.02564897838157625
0.02563996925674956
0.02563096645855548
0.025621969980332046
0.025612979815426668
0.025603995957196073
0.02559501839900631
0.02558604713423274
0.02557708215625999
0.025568123458481962
0.02555917103430182
0.025550224877131957
0.025541284980393982
0.025532351337518713
0.025523423941946156
0.02551450278712548
0.025505587866515026
0.025496679173582257
0.02548777670180377
0.025478880444665272
0.02546999039566155
0.02546110654829648
0.025452228896082986
0.025443357432543046
0.025434492151207667
0.02542563304561686
0.02541678010931964
0.025407933335874
0.025399092718846904
0.025390258251814263
0.02538142992836092
0.025372607742080642
0.025363791686576095
0.02535498175545884
0.025346177942349307
0.02533738024087678
0.02532858864467939
0.025319803147404094
0.02531102374270666
0.025302250424251646
0.025293483185712406
0.025284722020771044
0.025275966923118422
0.025267217886454137
0.025258474904486506
0.02524973797093255
0.025241007079517982
0.025232282223977186
0.025223563398053213
0.025214850595497756
0.025206143810071132
0.025197443035542288
0.025188748265688753
0.025180059494296653
0.02517137671516069
0.02516269992208411
0.025154029108878706
0.025145364269364798
0.025136705397371215
0.025128052527771186
0.025119405572324602
0.025110764565935775
0.025102129502467433
0.02509350037579075
0.025084877179785324
0.02507625990833916
0.025067648555348657
0.025059043114718602
0.025050443580362146
0.025041849946200786
0.025033262206164367
0.025024681784536096
0.025016105814082173
0.025007535719592938
0.024998971495031434
0.024990413134368977
0.024981860631585143
0.024973313980667735
0.024964773175612787
0.02495623821042454
0.024947709079115442
0.02493918577570611
0.024930668294225338
0.024922156710109368
0.024913650854576908
0.02490515153520139
0.02489665728160821
0.024888168820209777
0.024879686145083596
0.024871209250315256
0.02486273812999839
0.024854272778234685
0.02484581318913386
0.024837359356813634
0.024828911640325958
0.024820469303828058
0.024812032706512003
0.02480360184252746
0.024795176706032037
0.02478675729119128
0.024778343592178655
0.024769935603175537
0.024761533318371207
0.024753136731962805
0.02474474583815536
0.024736360631161747
0.02472798110520268
0.02471960725450671
0.024711239073310194
0.024702876555857296
0.02469451969639997
0.02468616852951221
0.02467782296881934
0.024669483048924502
0.024661148764110675
0.02465282010866856
0.024644497076896556
0.024636179663100777
0.02462786786159501
0.02461956166670071
0.024611261072747
0.024602966074070646
0.024594676665016038
0.024586392839935196
0.024578114593187744
0.024569841919140897
0.02456157481216945
0.02455331326665577
0.02454505727698978
0.024536806837568943
0.024528561942798253
0.024520322587090224
0.024512088764864878
0.024503860470549716
0.024495637698579733
0.024487420443397384
0.02447920869945258
0.024471002461202682
0.02446280172311247
0.02445460647965414
0.024446416725307302
0.024438232454558957
0.02443005366190348
0.024421880341842624
0.024413712488885485
0.024405550097548512
0.024397393162355483
0.02438924167783749
0.024381095638532933
0.024372955038987513
0.024364819873754207
0.02435669013739326
0.02434856582447218
0.02434044692956572
0.02433233344725587
0.024324225372131823
0.024316122698790008
0.024308025421834033
0.0242999335358747
0.024291847035529984
0.024283765915425016
0.024275690170192085
0.02426761979447061
0.024259554782907145
0.02425149513015535
0.024243440830875988
0.02423539211720555
0.02422734850880289
0.024219310237897515
0.024211277299178477
0.02420324968734188
0.024195227397090856
0.02418721042313556
0.024179198760193147
0.024171192402987787
0.024163191346250616
0.02415519558471976
0.024147205113140294
0.024139219926264256
0.024131240018850617
0.024123265385665272
0.02411529602148104
0.024107331921077647
0.0240993730792417
0.024091419490766704
0.024083471150453024
0.02407552805310789
0.02406759019354537
0.02405965756658639
0.024051730167058687
0.024043807989796807
0.02403589102964212
0.024027979281442763
0.024020072740053675
0.02401217140033655
0.024004275257159854
0.02399638430539879
0.0239884985399353
0.023980617955658052
0.023972742547462435
0.02396487231025053
0.023957007238931117
0.023949147328419657
0.02394129257363828
0.02393344300860079
0.023925598550059785
0.023917759232055177
0.02390992625997824
0.0239020972075028
0.023894273280429968
0.02388645447372826
0.02387864078237277
0.023870832201345178
0.02386302872563372
0.023855230350233188
0.023847437070144906
0.023839648880376735
0.023831865775943047
0.023824087751864738
0.023816314803169186
0.023808546924890265
0.023800784112068325
0.023793026359750183
0.023785273662989104
0.023777526016844807
0.023769783416383444
0.02376204585667759
0.023754313332806233
0.02374658583985477
0.02373886337291498
0.023731145927085032
0.02372343349746947
0.023715726079179194
0.023708023667331456
0.023700326257049858
0.023692633843464317
0.02368494642171108
0.023677263986932713
0.023669586534278066
0.02366191405890229
0.023654246555966804
0.023647814898730437
0.023640156927584477
0.023632503914658744
0.023624855855139435
0.023617212744218977
0.023609574577096008
0.023601941348975385
0.02359431305506815
0.023586689690591554
0.02357907125076901
0.023571457730830112
0.02356384916449004
0.02355624547001941
0.023548646681158112
0.02354105279316032
0.023533463801286316
0.0235258797008025
0.023518300486981364
0.023510726155101497
0.02350315670044757
0.023495592156678288
0.023488032442342162
0.023480477591122366
0.023472927598327795
0.023465382459273366
0.023457842169280024
0.023450306723674732
0.023442776117790443
0.023435250346966113
0.023427729406546676
0.02342021329188304
0.023412701998332085
0.023405195521256632
0.02339769385602546
0.023390196998013278
0.023382704942600717
0.02337521768517433
0.02336773522112658
0.02336025754585582
0.023352784654766295
0.02347586632652037
0.023468361482827594
0.023460861207505502
0.023453365724691602
0.023445875029793905
0.023438389118226283
0.023430907985408464
0.023423431626766023
0.02341596003773037
0.023408493213738748
0.02340103115023421
0.02339357384266562
0.023386121286487645
0.023378673477160737
0.023371230410151135
0.02336379211887142
0.023356358522906143
0.023348929655691478
0.023341505512716694
0.023334086089476798
0.023326671381472514
0.023319261384210293
0.02331185609320229
0.02330445550396635
0.023297059612026026
0.023289668412910535
0.023282281902154776
0.023274900075299303
0.023267522927890333
0.023260150455479724
0.023252782653624963
0.023245419517889172
0.02323806104384109
0.023230707227055065
0.023223358063111044
0.02321601354759456
0.023208673676096744
0.02320133844421429
0.02319400784754945
0.023186681881710046
0.02317936076815583
0.02317204405074164
0.02316473195100963
0.02315742446458975
0.023150121587117475
0.023142823314233767
0.023135529641585096
0.023128240564823415
0.023120956079606146
0.023113676369268196
0.023106401054074847
0.023099130317431025
0.023091864155015976
0.0230846025625144
0.02307734564804263
0.023070093182408425
0.023062845273774304
0.02305560191784661
0.023048363110337082
0.023041128846962838
0.023033899123446378
0.02302667393551556
0.023019453278903607
0.023012237336197453
0.023005025729385734
0.02299781864112465
0.02299061606716877
0.022983418003277984
0.02297622444521749
0.022969035388757785
0.022961850829674658
0.022954670763749182
0.022947495186767704
0.022940324094521836
0.02293315748280846
0.02292599557080743
0.022918837907500902
0.022911684712148998
0.022904535980569546
0.022897391894501455
0.022890252077883276
0.02288311671252234
0.022875985794257297
0.022868859318931983
0.022861737282395413
0.022854619680501766
0.022847506509110386
0.022840397764085772
0.022833293441297565
0.022826193536620545
0.02281909804593462
0.02281200696512482
0.022804920290081288
0.022797838016699275
0.022790760140879128
0.02278368665852628
0.022776617565551247
0.022769552857869624
0.022762492531402067
0.022755436582074292
0.022748385005817065
0.022741337798566193
0.022734294956262516
0.02272725647485191
0.022720222350285257
0.022713192578518462
0.022706167155512425
0.022699146077233046
0.022692129339651212
0.02268511693874279
0.02267810890731571
0.022671105167690227
0.022664105752695573
0.022657110658327456
0.022650119880586534
0.022643133415478394
0.022636151259013554
0.022629173407207447
0.022622199856080417
0.02261523060165772
0.022608265639969496
0.022601304967050786
0.022594348578941506
0.02258739647168645
0.02258044864133527
0.022573505083942486
0.022566565795567463
0.02255963077227442
0.0225527000101324
0.02254577350521528
0.022538851253601767
0.022531933251375372
0.02252501949462441
0.02251810997944201
0.022511204701926083
0.022504303658179323
0.02249740684430921
0.02249051425642799
0.022483625890652666
0.02247674174310501
0.022469861809911527
0.022462986087203474
0.022456114571116844
0.02244924725779234
0.022442384143375408
0.022435525224016185
0.022428670495869527
0.022421819955094978
0.022414973597856783
0.022408131420323857
0.022401293418669806
0.022394459589072897
0.02238762992771606
0.02238080443078688
0.022373983094477586
0.022367165914985058
0.0223603528885108
0.02235354401126095
0.02234673927944626
0.022339938689282093
0.022333142236988426
0.022326349918789828
0.022319561730915462
0.022312777669599076
0.02230599773107899
0.022299221911598104
0.022292450207403874
0.022285682614748316
0.022278919129888
0.022272159749084027
0.02226540446860205
0.022258653284712236
0.02225190619368929
0.02224516319181241
0.02223842427536533
0.02223168944063627
0.02222495868391794
0.022218232001507555
0.022211509389706795
0.022204790844821826
0.022198076363163278
0.02219136594104624
0.022184659574790256
0.022177957260719323
0.022171258995161872
0.022164564774450772
0.02215787459492332
0.02215118845292123
0.022144506344790635
0.02213784034574846
0.022131166290775366
0.022124496258740776
0.02211783071293203
0.022111168715729337
0.02210451073056953
0.022097856753829442
0.02209120678189028
0.022084560811137608
0.022077918837961324
0.022071280858755683
0.02206464686991927
0.02205801686785499
0.022051390848970082
0.022044768809676096
0.022038150746388895
0.022031536655528632
0.022024926533519774
0.022018320376791065
0.022011718181775535
0.022005119944910494
0.02199852566263752
0.021991935331402458
0.02198535162530042
0.021978769184694043
0.021972190684489107
0.021965616121148446
0.02195904549113913
0.02195247879093245
0.02194591601700392
0.021939357165833263
0.02193280223390442
0.021926251217705528
0.021919704113728906
0.021913160918471074
0.021906621628432738
0.021900086240118764
0.021893554750038204
0.021887027154704263
0.021880503450634307
0.021873983634349854
0.021867467702376558
0.021860955651244223
0.021854447477486782
0.02184794317764229
0.02184144274825293
0.02183494618586499
0.021828453487028873
0.02182196464829908
0.021815479666234205
0.021808998537396942
0.021802521258354055
0.021796047825676398
0.02178958152664891
0.02178311577545406
0.021776653860361966
0.021770195777959724
0.021763741524838478
0.021757291097593418
0.02175084449282376
0.021744401707132755
0.021737962737127685
0.02173152757941983
0.0217250962306245
0.021718668687361
0.021712244946252644
0.021705825003926725
0.02169940885701454
0.021692996502151354
0.02168658793597642
0.021680183155132954
0.02167378215626814
0.021667384936033113
0.02166099149108297
0.02165460181807675
0.021648215913677438
0.021641833774551943
0.021635455397371113
0.02162908077880972
0.021622709915546448
0.021616342804263895
0.02160997944164857
0.021603619824390873
0.02159726394918511
0.021590911812729468
0.02158456341172602
0.02157821874288071
0.021571877802903375
0.02156554058850769
0.021559207096411216
0.021552877323335346
0.021546551266005336
0.02154022892115029
0.021533910285503135
0.021527595355800642
0.021521284128783402
0.021514976601195834
0.021508672769786165
0.02150237263130644
0.0214960761825125
0.02148978342016399
0.021483494341024346
0.021477208941860792
0.021470927219444335
0.02146464917054976
0.02145837479195562
0.021452104080444238
0.021445837102453617
0.021439573715449398
0.021433313985897443
0.021427057910595078
0.021420805486343373
0.021414556709947123
0.021408311578214854
0.021402070087958816
0.02139583223599497
0.02138959801914299
0.021383373580402293
0.021377146622458088
0.021370923290108028
0.021364703580186575
0.02135848748953188
0.021352275014985767
0.02134606615339374
0.021339860901604963
0.02133365925647227
0.021327461214852142
0.021321266773604727
0.021315075929593807
0.021308888679686812
0.02130270502075481
0.02129652494967249
0.021290348463318176
0.02128417555857381
0.021278006301431774
0.02127184055054756
0.021265678371940794
0.021259519762507853
0.021253364719148703
0.021247213238766896
0.021241065318269567
0.021234920954567433
0.02122878014457479
0.02122264288520949
0.021216509173392954
0.021210379006050165
0.021204252380109655
0.0211981292925035
0.021192009740167328
0.021185893720040296
0.021179781229065095
0.02117367226418795
0.0211675668223586
0.021161464900530304
0.021155366495659834
0.02114927160470747
0.021143180224636987
0.02113709235241567
0.021131007985014282
0.021124927119407087
0.021118849752571812
0.02111277588148968
0.021106705503145376
0.021100640053669746
0.021094576651355473
0.02108851673275411
0.021082460294864172
0.02107640733468764
0.021070357849229924
0.02106431183549987
0.021058269290509767
0.021052230211275322
0.021046194594815666
0.021040162438153355
0.02103413373831434
0.021028108492328
0.021022086697227105
0.02101606841830392
0.021010053516066284
0.02100404205583279
0.02099803403464977
0.02099202944956694
0.020986028297637394
0.020980030575917578
0.020974036281467313
0.020968045411349785
0.020962058643437653
0.020956074612994195
0.020950093998093226
0.020944116795811315
0.02093814300322837
0.02093217261742762
0.020926205635495628
0.020920242054522274
0.02091428187160076
0.02090832508382759
0.02090237168830258
0.020896421682128855
0.020890475062412824
0.0208845318262642
0.02087859197079598
0.02087265549312444
0.020866722390369147
0.02086079265965293
0.020854866298101894
0.020848943302845403
0.02084302367101609
0.020837107399749834
0.020831194486185773
0.020825308463983734
0.020819402250579315
0.020813499386317737
0.020807599868351095
0.020801703693834703
0.0207958108599271
0.02078992136379005
0.02078403520258852
0.020778152373490705
0.020772274054289518
0.020766397880582505
0.020760525030503154
0.020754656546039103
0.02074879033446589
0.02074292743807299
0.020737067854050936
0.020731211579593425
0.02072535861189732
0.02071950894816266
0.020713662585592638
0.0207078195213936
0.02070198012257236
0.02069614364664268
0.02069031046072198
0.02068448056202919
0.02067865394778636
0.020672830615218695
0.0206670105615545
0.020661193784025214
0.02065538027986539
0.020649570046312682
0.02064376308060787
0.020637959379994825
0.020632158941720512
0.020626361763035006
0.020620567841191456
0.020614777173446105
0.02060898975705828
0.02060320558929037
0.020597424667407854
0.02059164698867927
0.020585872550376215
0.020580101349773363
0.020574333384148425
0.020568568650782177
0.020562807146958427
0.02055704886996404
0.02055129381708891
0.02054554198562597
0.020539793372871176
0.020534047976123522
0.020528305792685008
0.02052256681986066
0.02051683105495852
0.02051109849528963
0.020505369138168042
0.020499643047489566
0.02049392008739814
0.02048820032181416
0.020482483748063655
0.02047677036347563
0.02047106016538208
0.020465353151117964
0.02045964931802122
0.02045394866343275
0.02044825118469642
0.020442556879159048
0.020436865744170418
0.020431177777083257
0.02042549297525324
0.02041981133603898
0.02041413285680204
0.020408457534906905
0.020402785367720996
0.020397116352614653
0.02039145048696115
