0.6099638938903809
0.7073844969272614
0.6669196685155233
0.7016467750072479
0.6785826325416565
0.6636559863885244
0.6510148644447327
0.6744091287255287
0.6923007898860507
0.7076965391635894
0.6966675357385115
0.7055106908082962
0.6972091794013977
0.6889095093522754
0.6979786515235901
0.6905330009758472
0.6961951080490562
0.7039523522059122
0.6983184249777543
0.702129939198494
0.7051485691751752
0.7005254057320681
0.6962667107582092
0.6991051932175955
0.701652102470398
0.7040365819747632
0.701409105901365
0.7032605281897953
0.700090751565736
0.6973294754823048
0.694467015804783
0.6915327403694391
0.6929375168048975
0.6902587220949286
0.6918487293379647
0.6926735358105766
0.6903651405025173
0.6877060673738781
0.6893083926958915
0.6864322900772095
0.6878468016298805
0.685013561021714
0.6819328956825789
0.6833911619403146
0.6799883206685384
0.6816068045471025
0.6831150663659927
0.6815786076088747
0.6774323850261922
0.6780983865261078
0.6749512518153471
0.6728896521604978
0.673752006494774
0.6744889396208303
0.6717899886044589
0.6657941942768437
0.6615904365715227
0.6567436353913669
0.6573717361789638
0.6508894796172778
0.648201184194596
0.6453804479491326
0.6410073912332929
0.6359014469198883
0.628518715271583
0.6210309334776618
0.6204395085128386
0.6126335092327174
0.6049188446739445
0.5968741697924478
0.5920487314882413
0.5859340379635493
0.5782020570684786
0.5707694530688427
0.5642875379323959
0.5569862187840044
0.5502970870100445
0.5433493943120806
0.5367977285781239
0.5302523192251101
0.5240660898249458
0.5177278847422269
0.5115045275727107
0.5057353003358003
0.49990782516268906
0.4979550442319948
0.4922316313057455
0.48667801319123266
0.4815470164353888
0.4762070139043418
0.47109031307799354
0.4659731786749272
0.46138306773343263
0.45647502509949306
0.45167004491262275
0.4470701279905522
0.442461157598897
0.4379757471540462
0.43355975282515785
0.4292241564889991
0.4250107340010817
0.42085322799460956
0.41681719284403773
0.41281164920704977
0.40888610119492064
0.4050307384711214
0.4012483218537233
0.3976221546574244
0.39397463431749263
0.3904813010866663
0.3869636040280064
0.38350891456929853
0.38011503247946893
0.37678811347670554
0.373512001927583
0.3702928056265808
0.3671322216949221
0.3640235872070335
0.3609645654657979
0.3579571015918946
0.3549988178461782
0.3520890012416375
0.3492307678143756
0.3464147290480462
0.3436434732042523
0.340921183301547
0.33823676453539314
0.3355950283163602
0.3329937391745734
0.3304322488732306
0.3279099399132329
0.32542578092657104
0.32298022437738216
0.32064290920031746
0.318267952260809
0.31592775724793876
0.31362266622619983
0.31135003821006796
0.3091107676427199
0.306902875311257
0.3047262591742977
0.3025802996026477
0.30046435428521157
0.29837785670156386
0.2963200783794841
0.2942905059480623
0.2922886359504228
0.29031385207909743
0.2883654393646593
0.28644676031477206
0.2845497650599527
0.28267774203307144
0.28083070255200165
0.2790074957900786
0.27720745589015083
0.27543051711378724
0.2736761826098778
0.27194423594665207
0.2702339773113615
0.2829920036549859
0.2812353762032682
0.279501809702902
0.27778714707680835
0.27709215629413914
0.2754133531733832
0.27378225588490446
0.2721428433204907
0.270522945443583
0.2698069778403654
0.2682198898916331
0.26665135670662654
0.2651046991016855
0.2635723019970515
0.26205751865224086
0.26056008730750535
0.2590796329433109
0.25762144705455875
0.2561968971983153
0.2547955852400085
0.25338006811863006
0.25198033432904243
0.25059583223753046
0.24922809677786387
0.24787910559245074
0.24653932936647427
0.24521387281468765
0.24390256868198879
0.24260547710084604
0.2413218653755445
0.24005175217687222
0.23881031333766412
0.23756655494653012
0.23633568956700243
0.23511747050785406
0.2339211896707837
0.2327499293309991
0.2315684975464874
0.23140464115629866
0.23024180735780225
0.22909085699847767
0.22795142233751373
0.2268236262096946
0.22570626961959042
0.22459986633714146
0.22350559335711906
0.22242189752562982
0.22134741115422868
0.22028402831284766
0.21923720888323606
0.2181932221742683
0.2171591723167596
0.21613569572661098
0.21512114372678431
0.21411593704635398
0.2131201620758992
0.2121336287673866
0.2111560604841326
0.21018752360236
0.2092282618039484
0.2082791929446422
0.20733691012273428
0.206402962225051
0.20547781069447985
0.20456055172552964
0.20365803480425854
0.20278818744914898
0.20189487314865895
0.20100939546136984
0.20013170742393802
0.1992615695655731
0.198399705331571
0.19754456707309626
0.1966973057171403
0.19585768727898953
0.19502434821451428
0.19420346302014638
0.19338404264649467
0.192571515170635
0.19176577761100286
0.19096731428027622
0.1901749558834979
0.1893891404846629
0.18860977700402637
0.1878368354591963
0.18707993933138134
0.1863203893478163
0.18563555665861586
0.18488947836595548
0.1841469503403894
0.18341036253902782
0.18272536218392413
0.1820003306054375
0.1812809711334123
0.1810190900284805
0.18030924864286954
0.17960502274098358
0.17893294987044464
0.17823941269120963
0.17755123377303136
0.17686835495778813
0.17619069842538282
0.1755182152986038
0.17485084565868517
0.17418905786897199
0.17353376038897708
0.17288202401542954
0.17223660981814531
0.1716060923276393
0.17096823610602796
0.17033509547368592
0.16970655268596013
0.16908263504253332
0.1684634043750169
0.1678485744320424
0.1672383781005845
0.16663245836088145
0.1660309225304217
0.16543371515347877
0.16484296810351085
0.16425428408894943
0.1636697569063017
0.1630893693883256
0.16251311050779776
0.16194093833112388
0.1613727261855306
0.16080848588418262
0.16024818213999129
0.1596917648408941
0.1591396172438807
0.15859085994303973
0.15804607366570841
0.15750482407127864
0.15696726535161312
0.15643336308851238
0.15590308211816842
0.15537638332188594
0.15485324456429203
0.1543336736087821
0.15381750867239088
0.1533049568898181
0.15279565591810268
0.15228998357607332
0.1517873767629816
0.1512880773579317
0.1507921532759266
0.1502993688508722
0.1498098743491159
0.14932347865317724
0.14884023384997824
0.14836010406336542
0.1478830745773058
0.147409093420564
0.14693813861225083
0.14647018351609256
0.14600524043488416
0.14554320004375176
0.1450892457534476
0.14463299101340074
0.14417959605724587
0.14372918271009028
0.14328143010366096
0.14283653483266695
0.14239431978019132
0.1419549054598428
0.14151812113535098
0.14108547771485755
0.14065406521348564
0.14023242772235184
0.1398062353568285
0.13938259093536032
0.1389614983756579
0.13854320893167296
0.1381271632592055
0.13771365599047292
0.13730257045020286
0.13689393184767248
0.13648774528392593
0.13608395019958716
0.13568252367282677
0.13528346829579244
0.13488674258231503
0.1344923369022498
0.13410024139020918
0.1337104556518352
0.13332288911371395
0.13295042943741983
0.1325673625678593
0.13218642563893232
0.13180772569774973
0.13143117511077818
0.13105704349420363
0.13068472234791328
0.13031452215176526
0.12994646298367715
0.12958043843604372
0.12921645982557073
0.12885451964311812
0.12849478127926953
0.1281368570974331
0.12778104853693872
0.1274270963014495
0.12707510454275797
0.1267251138707795
0.12637696795355208
0.12603072968518617
0.1256864221882444
0.1253439523730176
0.12500346690054776
0.12466470411761946
0.12432777280705638
0.12404509584741083
0.12371164128868124
0.12337998779345434
0.12305009477796382
0.12272196214556341
0.12241354823379644
0.1220888438618235
0.12176585750240068
0.12144457650009306
0.12113940008508757
0.12082147080564037
0.12050518423285074
0.12019057294207328
0.11987757665836996
0.11956620725829058
0.11925645024466806
0.11894829435051979
0.11864172750329631
0.1183367365287854
0.11803330930488924
0.11773158474619574
0.1174316778232931
0.11713286948277582
0.11683558065891861
0.11653979739672442
0.11624551039765425
0.11595295426763076
0.1156619095982727
0.11537209047644062
0.1150839198149988
0.11479710942499183
0.11451157946770835
0.1142274345858833
0.11394469341116577
0.11366338204414127
0.11338342297506702
0.11310483962623394
0.1128276221742316
0.11255176468076603
0.11227724818154465
0.11200406752903481
0.1117322210977863
0.11146168303217423
0.11119245191373903
0.11092451829466977
0.11065790147390858
0.11039300559131685
0.11012953739291167
0.1098667587166738
0.10960517119591982
0.10934485298787835
0.1090862673284293
0.10882838017162451
0.10857170946367256
0.1083162522277182
0.10806198900467022
0.10780929105870013
0.10755740019174055
0.10730668391905417
0.10705713404579718
0.10680874162341714
0.10656160181612558
0.10631564069711266
0.1060706941089818
0.10582686083205446
0.10558413867418277
0.10534252737286885
0.10510202503501276
0.10486261267730203
0.10462431700507449
0.10438707365585663
0.10415105402624986
0.1039159944671386
0.10368195292491422
0.10344895977227397
0.10321702800361117
0.10298611742642189
0.10275624621495663
0.1025273904327407
0.1022995517873346
0.10207272351286158
0.10184690734289947
0.101622079732871
0.10139824281541816
0.10117538953450515
0.10095351420311052
0.10073262866097749
0.1005126964924626
0.1002937192577621
0.10007569357969483
0.09985860964568248
0.09964247553205843
0.0994272812223932
0.0992131236603657
0.09899976210410685
0.09878731805337848
0.09857578663520195
0.09836515461247716
0.09815544902085957
0.09794660840087437
0.09773865432447877
0.0975315915118791
0.09732539717237974
0.09712010051556622
0.09691564015766072
0.09671204939531419
0.09650930001722396
0.0963073977159327
0.0961063389282555
0.09590611738882163
0.09570673084974345
0.09550817980230883
0.09531044795071224
0.09511363070509407
0.09491752602532863
0.09472222247383619
0.09452772270379686
0.09433402421673756
0.09414111234555667
0.09394898786976835
0.09375766200239727
0.0935671230895818
0.09337734506402394
0.0931883233048787
0.09300007875626336
0.09281260479451278
0.09262585935067932
0.09243986700043437
0.09225461843823848
0.09207010943978057
0.09188633676624806
0.09170351566375633
0.09152120630328528
0.09133982852454678
0.09115895757697343
0.09097880176992265
0.09079935640154016
0.09062099903759675
0.0904430125327707
0.09026568755082466
0.09008925768109831
0.08991330209968991
0.08973803459634361
0.0895634472123221
0.08938954292998709
0.08921630738167316
0.08904374199021924
0.08887184862774332
0.08870061192518505
0.08853009916007716
0.08836017711803384
0.0881909049764462
0.08802227991912985
0.08785429846890251
0.08768696148931043
0.08752048693836782
0.08735441390812423
0.08718896994238914
0.08702415147368898
0.08685995518639765
0.08669637868786335
0.08655033147955483
0.08638795035500073
0.08622620575047804
0.08606513910419009
0.08590457270608436
0.0857446282954964
0.08558527692276544
0.08542659269315182
0.08526839574079145
0.08511078384039777
0.08495375463344845
0.08479730402249006
0.08464143100807933
0.08448612759867559
0.0843313917562381
0.08419136493002276
0.08403773126994842
0.08388466337521898
0.0837321826515798
0.0835802186177294
0.08342883627601314
0.08327797189660749
0.08312765064769664
0.0829779331706588
0.08282870429031217
0.0826799994696999
0.08253182999127831
0.08238418807716152
0.08223707388134258
0.08209050816849638
0.08194443964862361
0.08179889002224949
0.08165385716339411
0.0815093374841997
0.08136533837422391
0.08122183920831043
0.08107884301252115
0.08093635090611019
0.0807944028997605
0.08065290657244044
0.0805119095724903
0.0803714001317006
0.08023138130925213
0.08009184847219257
0.07995280012415057
0.07981423539893343
0.07967619447837937
0.0795385848824211
0.07940144939124452
0.07926478740341912
0.0791288674424447
0.07899314837161954
0.07885788633538267
0.07872388901716036
0.0785898040072887
0.07845592038753059
0.07832251040045356
0.07818953500079234
0.07805701036519777
0.07792500258308112
0.07779337251115023
0.07766218658652652
0.07753144898807723
0.07740120253348384
0.07727134334464622
0.07714191060872555
0.0770129113562491
0.07688494791031968
0.07675680652915129
0.07662916198851187
0.07650187478416882
0.07637500639881954
0.07624939472925568
0.07613068028421524
0.07600505288578757
0.07587983863062153
0.07575503900940124
0.07563064649871258
0.0755066620277463
0.07538309393357577
0.07526049054162462
0.07513771649506407
0.07501535129492928
0.07489337588930671
0.07477179650772836
0.07465061045180012
0.074529822177709
0.07440941878034481
0.0742894124332996
0.07416980524959267
0.07405056118970586
0.07393170012713697
0.07381322232199655
0.07369512116628135
0.07357770865355273
0.07346040489525882
0.07334343143664063
0.07322682820701162
0.07311100778393853
0.07299514247841724
0.07287964440112198
0.07276451068168892
0.07264974016010897
0.07253533112048675
0.07242128185771869
0.07230759367167332
0.0721942708436071
0.07208138814324737
0.07197263401125872
0.07186035332677237
0.07174842168361314
0.07163683800946956
0.07152560105358303
0.07141472306478822
0.07130417395787679
0.0711939665792711
0.07108409934689568
0.0709745714231517
0.07086538050840384
0.07075654043137543
0.07064802324950928
0.0705398367896693
0.07043197771200925
0.07032446217089311
0.07021726024685211
0.0701106851035517
0.07000413391038521
0.06989790627047458
0.06979200161622338
0.06968641866208188
0.06958115577011961
0.06947621023347389
0.0693715777458008
0.06926726227270599
0.06916331769380245
0.06905963207023967
0.06895625135052566
0.06885317773116761
0.06875042300344505
0.06864796388962145
0.06854580918145238
0.06844395805339673
0.06834240933107608
0.06824373682360499
0.06814284679871087
0.06804219548489714
0.06794184019849062
0.06784177892930071
0.06774201826902607
0.06764254393970298
0.06754336149874929
0.06744446966407842
0.06734586663825375
0.06724758161103625
0.06714955671567308
0.06705181441484426
0.06695435538226455
0.0668571946481399
0.06676031951292709
0.06666370544706178
0.06656737319661479
0.06647131638103526
0.06637554978434923
0.06628015894068193
0.06618492882726142
0.06608997487852197
0.06599529744457891
0.06590088510615039
0.06580674098457016
0.06571286546248091
0.06561925739202154
0.06552592071902054
0.06543284497374675
0.0653401308353417
0.06524758428313016
0.06515529632799136
0.06506326941004018
0.06497150561934871
0.06487999897500843
0.06478878008017425
0.06469928714157393
0.06460854480336695
0.06451805681233881
0.06442782226802479
0.06433783927603035
0.06424812074971241
0.06415864499649908
0.06406941266138055
0.0639804369689546
0.06389170329363494
0.06380321062979334
0.06371496308869895
0.06362696179514533
0.06353920046853134
0.06345168090865733
0.06336440211786137
0.06327736310396322
0.06319056288022663
0.06310400046532222
0.06301767488329031
0.0629315851635044
0.06284573245484958
0.06276011172835697
0.06267472382124356
0.06258956794648643
0.06250464315958483
0.0624199502979882
0.06233548487133328
0.06225124772961526
0.062167249853392184
0.06208346649779462
0.06202790512096431
0.06194453428074796
0.061861389495040504
0.06177846538043589
0.061695771423641625
0.061613290923914585
0.06153103034752656
0.061449006775531584
0.0613671838637133
0.061285578724545174
0.06120419080703189
0.061123018140179064
0.0610420605002583
0.06096131703398812
0.06088078736502355
0.060800469703592125
0.060720363682902276
0.060640470036072425
0.06056078479292384
0.060481314485760114
0.06040206483136474
0.06032300453708285
0.06024419986581188
0.06016590468554714
0.060087461524288274
0.06000922264209519
0.059931187242040454
0.05985337047741616
0.0597757398013226
0.059698317498509394
0.05962108918928065
0.05954405966632104
0.05946722862159031
0.059390595595016096
0.059314159975472035
0.05923792421947502
0.059161880824083246
0.059086032258924163
0.059010430434207534
0.05893496967816543
0.05885970151765692
0.058784625367761946
0.05870974049468199
0.05863504616835288
0.0585605422683131
0.05848628449602607
0.05841215769491393
0.05833821825479379
0.05826446697213774
0.05819110255283038
0.05811773722513414
0.05804454318445852
0.057971531780247935
0.05789870322273506
0.057826057721098695
0.0577535989193164
0.057681316567727764
0.057609918505809724
0.0575379961596218
0.05746625361682557
0.05739488006487805
0.057323495029102424
0.057252289568739255
0.057181786920208866
0.05711092968734615
0.05704035081968947
0.056969845355772
0.05689951250770135
0.056830632582724125
0.05676067377410903
0.05669085744720361
0.05662121280563368
0.05655372584318159
0.056484419806609065
0.05641528459714426
0.05634631987974548
0.056277520954373376
0.05620888983125829
0.05614042676843765
0.05607213129757521
0.05600399991082238
0.055947093391166276
0.05587927873251032
0.0558120969384396
0.05574461485113093
0.055677290581032074
0.05561012930897567
0.05554312915318173
0.05547629024926695
0.05540961201579427
0.0553430945896604
0.05527673596305409
0.05521053784968669
0.05514450409397216
0.055078621715931406
0.05501289870888351
0.05494733123502042
0.054881918029286526
0.05481666010059534
0.05475155816991137
0.054686707130355665
0.054621912594904155
0.054557271278223796
0.054492790386973786
0.0544284547157224
0.05436427218531316
0.054300239446387046
0.0542363577934674
0.054172626834017114
0.054109043938672025
0.05404561697184815
0.05398233310196567
0.05391919587026747
0.05386001991270486
0.053797173165581295
0.05373447527632428
0.05367192336585482
0.05360951415263871
0.053547250047013446
0.053485132894956586
0.05342315817975254
0.05336132899413916
0.05329963959645807
0.05323809266851759
0.05317703443087224
0.053115770566320546
0.05305464783748621
0.05299366644280483
0.05293290226341077
0.05287219953055053
0.05281163572811003
0.052751210515606474
0.05269092450778734
0.052630776003171925
0.052570764259538945
0.05251088867382193
0.05245114932379483
0.052391577714331186
0.05233210940818552
0.05227277595080663
0.052213576884044675
0.0521545117518229
0.05209558050422515
0.05203678188063122
0.05197811583566996
0.051919594808857626
0.05186119256497815
0.051802924776724074
0.05174478456934279
0.05168677498845625
0.05162897141667222
0.05157122088936051
0.05151359941350647
0.051456106690064264
0.051398742288423775
0.051341505381643796
0.05128439580947289
0.05122741447200927
0.051170572188352414
0.05112032066439797
0.051063714294182924
0.05100722854390869
0.05095086722885305
0.05089463033171143
0.050838518623849874
0.05078252919718185
0.0507266629595714
0.05067091950490075
0.050615298297979894
0.05055980769434416
0.05050443042154401
0.05044918632350943
0.05039405060075149
0.05033903838505074
0.05028414303239528
0.05022936727745803
0.05017471072982206
0.050120173000767904
0.05006581738323145
0.050011519424504255
0.04995733692554275
0.049903271962745924
0.049849322479542955
0.04979548964663771
0.04974177295792427
0.04968817190947823
0.04963468651282492
0.049581316010347994
0.04952806003181915
0.049474918336506045
0.04942189055693851
0.0493689813048983
0.0493161803828709
0.04926352998132218
0.04921095417557904
0.04915849072594468
0.0491061870068586
0.049054068755096596
0.04900193915940498
0.04894992011571134
0.04889801139872755
0.04884621265783907
0.048794523543915426
0.04874294383531645
0.048691528319874985
0.048640167834450805
0.04858891546468709
0.048537770367232724
0.04848673170228295
0.04843580026141921
0.04838497658272379
0.048335841715739
0.048285228268916236
0.04823472108205316
0.04818431907465289
0.04813402229065012
0.048083830400878845
0.048033743201720935
0.04798376011826441
0.047933880949742304
0.04788412554992432
0.04783445322051568
0.04778488383894002
0.04773541708548356
0.047686058312502
0.04763725042567976
0.04758808917653046
0.04753902929078145
0.04749007045526057
0.04744121248072767
0.047392454811168855
0.047343878891894925
0.04729532106739042
0.04724686274662465
0.047198505576307545
0.047150251683963626
0.0471020900377083
0.047054027045453306
0.04700606167639576
0.04695820188708559
0.04691043159015061
0.04686291150641214
0.046815335067531806
0.04676785501168238
0.04672047116668574
0.04667318336106084
0.046625992147230684
0.04657889542629263
0.046532014520066944
0.046485107247365265
0.046438294450540124
0.04639157608431076
0.046344951384728536
0.046298420309041056
0.04625198257553149
0.046205637903612116
0.046159386013818714
0.046113229250405854
0.046067162088317536
0.04602118901813452
0.045975305479731596
0.04592951334279959
0.045883913627585655
0.045838303730965604
0.04579278406489712
0.04574735507041588
0.045702016596079184
0.04565677250401604
0.04561161249164808
0.04556654172831641
0.045521559949709973
0.045476668420883354
0.045431864173796584
0.045387150940008975
0.04534252247300798
0.04529798238733264
0.04525352901894468
0.045209163164639646
0.04516488421700319
0.04512069157099829
0.0450765860223028
0.04503256603518071
0.04498863182441468
0.044944783255385035
0.04490102135474812
0.04485734331841082
0.044813750176216055
0.0447702532545479
0.04472682937982821
0.044683489428878766
0.04464023338877336
0.044597063782999755
0.04455397909406368
0.04451097343780424
0.04446805060903104
0.044425210483203456
0.04438245282152569
0.04433983263345299
0.04429723913428541
0.044254727388475155
0.04421230070400026
0.044169951756965774
0.044127688879873075
0.04408551182584156
0.04404340531979969
0.04400137916968538
0.043959433145691396
0.043917567018885974
0.04387578838747631
0.04383408578363972
0.04379246906631638
0.04375092023418515
0.043709450167612456
0.04366805999748257
0.043626776112844524
0.04358554097474165
0.0435443837122537
0.04350330489220882
0.043462302832187216
0.0434213782133507
0.04338053025642375
0.0433397682685075
0.04330882032505565
0.04326819369666881
0.04322765372138185
0.04318717839018205
0.04314677878457852
0.043106454692256484
0.04306620590169415
0.04302603320298272
0.04298593538348603
0.0429459153419131
0.04290596642946917
0.04286609564912341
0.04282629426040556
0.04278656793112993
0.042746915126830654
0.04270763174238247
0.04266812421995659
0.04262868972437437
0.0425893280533454
0.04255003900532571
0.0425108228189955
0.04247167841492644
0.04243260603367996
0.04239360547666371
0.042354677202815084
0.04231581970079415
0.042277033759389036
0.04223831874534065
0.04219967435490575
0.042161100612350996
0.04212259754185437
0.04208416636394746
0.04204580340463666
0.04200751575166954
0.041969292352441456
0.04193113845030287
0.04189305385588843
0.041855038380520106
0.041817092052358756
0.04177921425158669
0.04174140856800953
0.04170366769226992
0.04166599500239434
0.041628390313764016
0.041590853442426086
0.041553384956860555
0.041516887033030046
0.04147955170296437
0.041442283569546864
0.04140508223779682
0.041367951269967104
0.041330883213273585
0.04129399240536822
0.041257056812876836
0.041220187981466476
0.041183384880818304
0.04114664680331534
0.04110998249981945
0.04107337521353288
0.041036833064766395
0.04100035630367509
0.04096394390908923
0.04092759613277238
0.04089134609206996
0.040855157205606424
0.04081900219922978
0.04079491317779837
0.0407588754792478
0.04072290118491483
0.04068699033730909
0.04065114570957107
0.04061536597250584
0.04057964445450012
0.040543985715963654
0.040508389591542265
0.040472855916461964
0.04043738452652641
0.04040197525811439
0.04036662794817728
0.04033134243423657
0.040296118554381345
0.040260956147265825
0.04022585505210692
0.04019081510868174
0.04015583615732518
0.04012091969748996
0.04008606235562357
0.040051265529975705
0.04001652895969819
0.03998185259144889
0.03994723626885889
0.039912885334281945
0.03987838845845283
0.039843951162720145
0.03980957339571976
0.039775254797964836
0.039740999529033816
0.039706799115677746
0.03967265741394457
0.039638625887365136
0.039604601315788
0.039570635821061496
0.03953673252011142
0.03950288257788529
0.03946909054830626
0.03943535628288036
0.039401679837223376
0.03936806065647489
0.03933449879743271
0.039300994215160014
0.03926754656050881
0.039234155789624026
0.039200821757517296
0.03916754431969258
0.03913432343325457
0.03910115885340375
0.039068051345561926
0.03903499884865366
0.03900200223086106
0.0389690617533325
0.038936180191291005
0.03890335035976378
0.03887057945931354
0.03883786011633432
0.038805195810096865
0.03877258640185308
0.03874003175332088
0.03870753172668219
0.03867508618458103
0.0386427214473773
0.038610384441982004
0.03857810151184657
0.03854587252144402
0.03851369733569991
0.038481575819990406
0.038449507840140416
0.03841749643868317
0.038385535325521664
0.03835362734804288
0.0383217721758269
0.03828996987526605
0.038258220314838796
0.038226523363459476
0.038194881357552384
0.03816328923070577
0.03813174942077071
0.03810026307784502
0.038068827315577224
0.03803744328646298
0.03800611096085634
0.03797483021109432
0.037943605027349524
0.0379124270445826
0.037881300550808565
0.03785022483255524
0.037819200058102326
0.03778822610228078
0.037757302937883895
0.037726430245375406
0.037695608193229306
0.03766483626817361
0.03763411454201686
0.03760344658390808
0.03757282488473551
0.03754225301745746
0.037511730860532694
0.037481258292814956
0.03745083548383362
0.03742046173242743
0.03739013730574741
0.03735986198745068
0.03732963556189449
0.037299459163308034
0.03726933035946045
0.03723925018967881
0.037209218536300034
0.03717923557021745
0.03714930059793869
0.037119413791343404
0.03708957503427641
0.0370597842109557
0.03703004120597099
0.03700034590428216
0.03697069828673809
0.03694109804791764
0.03691154526484673
0.036882045636463204
0.03685258713355868
0.03682317565140899
0.036793811077524295
0.03676450393830021
0.03673523283643851
0.036706008307531235
0.03667683024051412
0.036647698619361437
0.0366186243082326
0.03658958495509364
0.03656059237880106
0.036531645146845204
0.03650274371747155
0.03647388798205738
0.03644507764399889
0.0364163129721556
0.03638759780704531
0.036358923952853034
0.036330295160471114
0.03630171122974634
0.036273202887492605
0.036244708900642894
0.03621625936461413
0.03618785445530855
0.036159494067804394
0.036131178097508536
0.036102906999823096
0.03607467964424019
0.03604649658016485
0.03601835723857222
0.03599028383370848
0.035962232170548926
0.03593422420156875
0.03590625982475819
0.03587834144125961
0.03585046394208225
0.03582263019371595
0.03579483916951601
0.0357670912321753
0.03573938628156943
0.03571172421788401
0.035684104941613407
0.03565653019605039
0.035628996195898995
0.035601505146400834
0.035574057499677944
0.03554665067571825
0.03551928604856219
0.035491964804623834
0.03546468473640066
0.03543744611525135
0.035410249303190526
0.03538309420403164
0.03535598072188296
0.035328908761146444
0.03530187822651665
0.03527488902297955
0.03524794114688047
0.035221036141564584
0.035194170362661786
0.03516734553769025
0.03514056157307662
0.03511381837553242
0.03508711585205293
0.03506045409108522
0.035033838973791843
0.035007257912354976
0.034980717246166144
0.03495421670279784
0.034927756281372555
0.03490133589084202
0.03487495544043322
0.034848614839647386
0.03482232884304386
0.034796067659904305
0.034769846146377084
0.034743664392379095
0.03471752168027045
0.03469143217319423
0.03466536807630174
0.0346393430251934
0.03461335702142356
0.03458740997717962
0.03456150180491207
0.03453563241733354
0.034509801816579574
0.034484009737493944
0.034458256182798276
0.03443254106624395
0.03440686430183959
0.03438122580385015
0.0343556254867959
0.03433006326545156
0.03430453923210814
0.03427905303595448
0.03425360485822015
0.03422819417212355
0.034202821601237075
0.0341774903280663
0.03415219240776426
0.03412693191042124
0.034101709722240046
0.034076523821411214
0.034051375095343756
0.03402626346179261
0.034001188838755185
0.03397617054425357
0.03395116977064432
0.03392620567522473
0.03390128054205906
0.03387651768467805
0.03385166330633273
0.03382684537135741
0.033802063799656785
0.033777318511370065
0.03375260942687016
0.033727937251034026
0.033703304863607376
0.03367870391115219
0.03365416710470327
0.03362963782838789
0.033605144543463944
0.03358068665078311
0.03355626450661422
0.03353187768647859
0.033507526286561035
0.03348321022974931
0.03345892943915486
0.03343470025079934
0.03341048975097979
0.03338631428806301
0.033362173786047056
0.03333806816914962
0.03331399736180728
0.03328996128867466
0.033265959874623705
0.03324199304474285
0.03321806072433627
0.03319416283892308
0.03317029931423658
0.03314814322231829
0.03312434699602804
0.03310058491066503
0.033076856978262605
0.033053162954639205
0.033029502852309475
0.03300587659848093
0.03298228429098991
0.03295872602739314
0.032935200883904635
0.03291170929982196
0.0328882512883533
0.03286482660794849
0.032841441126666905
0.03281808306043173
0.03279475819684933
0.03277147171442874
0.032748213040394374
0.032724987357387
0.032701795017690966
0.032678638314379956
0.03265551126618102
0.03263244761637807
0.032609385815942464
0.03258635658867132
0.03256335986560239
0.032540397427475
0.0325174689497735
0.03249456932375253
0.032471702011919686
0.03244886677843733
0.03242606363945037
0.032403292527344016
0.032380554211249184
0.032359001894067124
0.03233632573240995
0.03231368124660294
0.03229106845356823
0.032268487286817485
0.03224593768004822
0.032223419567143155
0.03220098994722589
0.03217853674603308
0.03215611699838007
0.03213372415924471
0.03211136248620418
0.03208903191423881
0.032066732792718336
0.032044464228278946
0.03202222657093801
0.03200001975639506
0.03197784380313996
0.03195569848194665
0.03193358381171693
0.03191149972885959
0.0318894461699592
0.03186742331875606
0.031845430618052985
0.0318234682521095
0.03180153624036393
0.031779634355900865
0.03175776261856026
0.03173592096614034
0.03171410933661035
0.03169232766810993
0.03167057589894856
0.03164885421289154
0.03162716205784501
0.031605499699729554
0.03158386691417191
0.031562263722028146
0.0315406900626146
0.03151914587541336
0.031497631100071775
0.031476145676401876
0.03145468954437979
0.0314332626441452
0.031411865727499905
0.03139049711135875
0.03136915754840065
0.03134784697941397
0.031326565345347834
0.03130531266818633
0.031284088727394334
0.03126289507986494
0.03124172859707559
0.031220590756346853
0.031199482386194674
0.031178402379773623
0.031157350116181606
0.031136326424077942
0.031115330924129138
0.031094363720002367
0.031073424834809963
0.03105251405093728
0.031031631391857963
0.031010776800868813
0.030989950221418934
0.030969151597109258
0.03094838263064638
0.03092763974684568
0.030906924649895348
0.030886237283998495
0.030865581899380917
0.030844949825918764
0.030824598897194792
0.030804026503092465
0.030783476785612083
0.030762954467755007
0.0307424594947585
0.030721991812005668
0.03070155136502496
0.0306811380994897
0.030660751961217616
0.03064039321279519
0.030620061166867656
0.030599756086518274
0.030579478866123267
0.0305592275556159
0.030539003050284584
0.030518899664228348
0.03049872862625416
0.030478584155563107
0.03045846643560468
0.030438375098905734
0.030418310250455566
0.030398276942368182
0.03037826491014806
0.030358279209549276
0.0303383197886357
0.030318387613820247
0.030298480596345642
0.03027859970356589
0.03025874511859818
0.030238916321010632
0.030219113572410944
0.030199336665622717
0.030179585627908116
0.03015986087603073
0.030140161424119544
0.030120487689508497
0.03010265610124398
0.03008352761061489
0.030063929221292016
0.030044356428315447
0.03002480902660542
0.030005287044143385
0.029985790896132576
0.02996631960334288
0.02994687358153669
0.029927453090781504
0.029908057463373352
0.029888686959834897
0.029869341608540042
0.02985002120646466
0.029830725782284656
0.029811455826653132
0.02979221021282056
0.029772989585856516
0.02975379374371125
0.02973462271528606
0.029715476222365256
0.029696354371005488
0.029677258340256207
0.029658185552119798
0.02963913726339011
0.029620113426892428
0.029601113995573063
0.029582138922498977
0.0295631881608574
0.0295442625034569
0.029525360224184054
0.029506482116623836
0.029487628210612755
0.029468800515116505
0.02944999464369652
0.029431212759357426
0.029412454816234827
0.029393720768581176
0.0293750105707654
0.029356324177272547
0.029337661542703397
0.029319022924720134
0.02930040767206952
0.029281816042835973
0.029263247992079577
0.029244703474974328
0.029226182446807785
0.02920768486298069
0.029189210754407825
0.029170759925865215
0.029152332408539972
0.029133928158282054
0.029115547131052855
0.029097189358088308
0.029078854720313383
0.029060543098952982
0.029042254525574157
0.02902398895669015
0.02900574634892353
0.028987526659005867
0.028969329843777362
0.02895115615933148
0.02893300496424726
0.028914876515021542
0.028896770768925724
0.02887868768333816
0.028860629750520353
0.02884259208044366
0.028824576943371434
0.028806584073868706
0.028788613653360988
0.028770665639861387
0.02875273999148764
0.02873483666646181
0.028716955623109934
0.02869909681986173
0.02868126021525026
0.028663445841954627
0.028645653510581594
0.028627883254061383
0.028610135031337226
0.028592408801454118
0.028574704892627385
0.02855702252573838
0.028539362324322987
0.028521723657867905
0.028504106780994607
0.028486511653352017
0.02846893823468863
0.028451386852328328
0.028433856731039153
0.028416348271974035
0.028398861728579285
0.028381396253961463
0.028363952248888345
0.028346530039918685
0.028329128855118242
0.028314559933831546
0.02829719976171349
0.028279860791271264
0.028262543202555574
0.028245246664487914
0.028227971284264988
0.028210717023088784
0.02819348384225611
0.028176271703158274
0.02815908434938207
0.0281419141759983
0.02812476492909032
0.028107636570424612
0.02809052906186075
0.0280734423653511
0.028056376442940553
0.0280393629774859
0.028022338542896826
0.028005334769029343
0.027988351762879424
0.027971389125447374
0.027954447108538734
0.027937525530385865
0.027920624570245616
0.02790374527181983
0.027886885002773414
0.027870045096370775
0.027853225515745324
0.027836426224119422
0.0278196471848041
0.027802888361198798
0.02778614971679109
0.02776943121515644
0.02775273281995791
0.027736054494945914
0.02771939620395796
0.02770275791091837
0.027686139579838034
0.02766954117481415
0.027652962731455535
0.027636404071137297
0.027619865229682395
0.027603348880826453
0.027586851421505427
0.02757037182089521
0.02755391211092919
0.02753747182924009
0.027521051154327007
0.02750465005113611
0.027488268484697077
0.02747190649108076
0.027455564673597235
0.027439241507917333
0.02742293773993877
0.027406697364456497
0.02739043240365774
0.027374186595589142
0.02735796004751825
0.027341752725215218
0.027325564594531254
0.027309395621398398
0.027293254019842016
0.027277123325509536
0.027261011616516322
0.027244918999983127
0.027228845301458065
0.027212790557766167
0.027196754735398596
0.027180738362570837
0.027164740282310345
0.027148761023320752
0.02713280118314422
0.0271168594668204
0.02710093647241827
0.027085032166976712
0.027069146517611917
0.027053279491517184
0.027037431055962693
0.027021601178295267
0.02700578982593816
0.026989996966390827
0.026974222845917804
0.0269584668746293
0.026942729299104122
0.026927010295795317
0.026911309484666156
0.026895626903381382
0.026879963283805864
0.026864317205060925
0.02684868933001435
0.026833079626915505
0.02681777240668472
0.026802199825808455
0.026786644352438445
0.02677110685571429
0.026755587373479096
0.02674008587442146
0.026724603914916753
0.026709138287651178
0.026693690550064333
0.026678261015669082
0.026662848964244663
0.02664745470964637
0.02663207822106608
0.026616719467766732
0.02660137841908214
0.026586057447824888
0.02657075171527001
0.026555463595756043
0.02654019305889822
0.026524942472264654
0.026509707008466686
0.02649448951561721
0.02647928900528123
0.026464105926723158
0.02644894024997432
0.026433791945134698
0.026418660982372746
0.026403547331925164
0.02638845600780646
0.026373376890087716
0.026358314995804398
0.026343270363506158
0.02632824289564864
0.02631323249490996
0.026298239200041065
0.026283262981817806
0.026268303811082565
0.026253361658744066
0.026238436495777184
0.026223528293222765
0.026208637022187432
0.0261937626538434
0.026178905159428285
0.026164064848139653
0.026149241082905172
0.026134434038124366
0.026119643752873588
0.02610487019871472
0.026090113347273958
0.02607537343964106
0.02606064990861924
0.02604594407195908
0.026031253748173427
0.026016579986195876
0.02600192275803464
0.025987282371372614
0.025972658126931773
0.02595805301457704
0.025943461641325452
0.025928886662875267
0.02591432912255182
0.025899786850316943
0.025885261358233023
0.02587075168258379
0.025856258397842034
0.02584178120948938
0.025827320557467434
0.02581287574731225
0.02579844708563125
0.025784034811749356
0.02576963896477632
0.025755258585889725
0.02574089431406786
0.025726546055926953
0.025712213718291337
0.025697897473692374
0.025683597029911798
0.02566931249318771
0.0256550439032578
0.025640791101089324
0.025626554126574563
0.025612333813363097
0.0255981284146868
0.02558393902911161
0.02556976510167166
0.025555606870718353
0.025541464310192222
0.02552733752596012
0.02551322622826749
0.02549913335520561
0.025485053478608063
0.025470990261120915
0.025456942162873055
0.025442908633130173
0.02542889056733191
0.025414887874288226
0.025400900594225326
0.02538692870170925
0.025372975513668246
0.02535903438383067
0.025345108565503077
0.02533119796804671
0.025317302631805323
0.025303422531678235
0.02528955764261978
0.025275736598735672
0.025261902041210364
0.025248082619962437
0.025234278375342055
0.02522048915218613
0.02520671499098887
0.02519295586708549
0.025179353839002903
0.02516562463843638
0.0251519104015762
0.02513821149354457
0.025124527110586735
0.025110857618143544
0.02509720299192378
0.025083563337264338
0.025069938370758493
0.025056328456787964
0.025042733118075262
0.025029152460202122
0.025015586653133474
0.025002035414426468
0.024988498849502577
0.024974976999047913
0.02496146971024367
0.024947977088351257
0.02493449898079407
0.02492103542842863
0.024907586407690138
0.02489415189506463
0.024880731867088855
0.024867327071099288
0.02485393594182029
0.024840559227104562
0.02482719709606675
0.024813849140638757
0.024800515530138685
0.0247871962414544
0.0247738912515234
0.024760600793146532
0.024747324331595245
0.02473406209990629
0.024720814075214318
0.024707580234702962
0.024694360555604672
0.024681155015200608
0.024667963590820487
0.024654786259842486
0.024641622999693077
0.024628473787846925
0.024615338601826738
0.024602217419203164
0.024589110217594638
0.02457601697466727
0.024562937668134718
0.02454987227575805
0.024536820775345632
0.024523783144752995
0.024510759361882704
0.024497749404684254
0.02448475325115392
0.02447177087933464
0.024458802267315918
0.02444584739323365
0.02443290629837714
0.024419978834727206
0.024407065043698793
0.024394165407668224
0.024381278896623497
0.024368405993298984
0.024355546676152126
0.02434271513304004
0.02432988291631203
0.024317064221414077
0.024304259026984687
0.024291467311707327
0.02427868905431032
0.024266802214175712
0.024254050347536627
0.024241312063545177
0.02422858696534909
0.02421587528237109
0.024203176868484163
0.024190491827782275
0.02417782001435756
0.024165161469847426
0.02415251617342155
0.024139884104293192
0.02412726524171907
0.02411465956499926
0.024102067053477064
0.024089487748756713
0.024076921505799615
0.024064368428481305
0.02405182837197871
0.024039304420346384
0.02402679059108985
0.024014289721484332
0.024001801791311953
0.02398932684235597
0.023976864854385917
0.023964415807213337
0.02395197974255432
0.023939556516546768
0.02392714617102238
0.023914748685959674
0.02390236404137865
0.02388999221734067
0.023877633193948353
0.023865286951345484
0.023852953469716883
0.02384063272928831
0.023828324710326365
0.023816029393138375
0.02380376993542701
0.023791500012372294
0.023779281975804836
0.023767037237403286
0.02375480516430595
0.023742585614324314
0.02373044371542101
0.0237182492428026
0.023706067296607018
0.023693897857543052
0.023681740906359088
0.023669596484975974
0.023657464451923703
0.02364534484923317
0.02363323765781011
0.02362114285859936
0.02360906043258473
0.023596990360788928
0.023584934634441477
0.02357288927416305
0.023560856150490684
0.023548835305515946
0.023536826720454488
0.023524830376560273
0.023512846255125446
0.023500874519571825
0.023488915090323328
0.023476967524153278
0.023465032105991532
0.023453109483631412
0.023441198305630583
0.023429299220196254
0.023417412753257056
0.02340553840200906
0.023393675483406928
0.023381824583972578
0.023369985685449048
0.02335815889027349
0.023346344421271766
0.023334541416003177
0.0233227503389865
0.023310971172148625
0.023299203897452943
0.023287448496899232
0.023275704952523592
0.023263973246398326
0.023252256843813084
0.02324054875879606
0.023228852458464507
0.023217167925034695
0.023205495140758658
0.023193834087924105
0.02318218474885433
0.023170547165752137
0.023158921201293654
0.023147306897782476
0.0231357044169454
0.02312411350211654
0.02311253407622665
0.023100966241353663
0.02308940998010236
0.023077868553357084
0.023066335385664254
0.02305481373961747
0.023043303597960144
0.023031805062441478
0.02302031787787168
0.023008842146127976
0.022997377850091042
0.022985924972675657
0.022974483496830622
0.022963053405538666
0.022951634859652178
0.022940227486461497
0.022928832335269888
0.022917447612163994
0.022906074189031407
0.02289471210818828
0.02288338014692743
0.022872050910291125
0.022860722563732925
0.022849405374344937
0.022838099384550604
0.02282680469564556
0.022815521055163285
0.022804248564523382
0.022792987207207568
0.02278173696673017
0.022770497826638047
0.022759723062928196
0.02274850679101291
0.022737300630032115
0.022726105504167995
0.02271492139712854
0.02270374946539511
0.02269258734668056
0.0226815152155075
0.02267037509920251
0.022659248203016867
0.02264812982803992
0.022637022475705693
0.02262592589606074
0.02261484019008521
0.022603765575318784
0.022592701627024103
0.022581648446188964
0.022570607998977536
0.022559576421265427
0.02254855562184126
0.022537545584916534
0.02252654629473356
0.022515557735565395
0.022504579949838295
0.02249361280561323
0.02248265640347181
0.02247171066968691
0.022461289222601346
0.022450364471033935
0.022439450689208204
0.022428547166035605
0.02241765423394914
0.022406771877524892
0.022395900139209394
0.022385038887929466
0.02237418816621937
0.022363347958774496
0.022352518250319885
0.022341699025610146
0.022330890269429395
0.022320092139525325
0.022309304274788968
0.022298526833110326
0.022287760144758032
0.022277003561294965
0.022266257298120196
0.02225552139778359
0.022244795845302732
0.02223408062572407
0.022223375724122852
0.022212681125603064
0.022201996815297338
0.022191322778366905
0.02218065900000152
0.022170005465419387
0.022159362159867097
0.02214872906861956
0.022138171980566116
0.022127559242320398
0.022116956674403616
0.02210636426220323
0.02209578199113468
0.022085210074793013
0.022074648042236918
0.02206409610722629
0.022053554483112487
0.02204302269969171
0.022032500970479447
0.02202198939483444
0.02201148773084072
0.022000996077966153
0.021990514421902328
0.021980042805134416
0.021969581099848774
0.02195912934861193
0.021948687537224097
0.021938255991462825
0.021927834017120087
0.02191742194018888
0.021907019803154754
0.021896627478769956
0.021886245009600316
0.02187587277711457
0.021865509976177994
0.02185515698849988
0.02184481380014754
0.02183448039721464
0.021824156765821157
0.021813842892113303
0.02180353893119488
0.021793246276119317
0.02178296159170397
0.02177268700343651
0.021762421710176994
0.021752166092028936
0.021741920135320492
0.021731683826405557
0.021721457263860683
0.02171124020964438
0.021701032762437213
0.02169083502073426
0.021680649266569273
0.02167047055799342
0.021660301402405435
0.02165014178636303
0.021639991696449125
0.021629851119271782
0.02161972004146416
0.021609598505494036
0.02159948638639928
0.021589383726723695
0.02157929056893153
0.021569206788291845
0.021559132427344488
0.021549067472896612
0.021539011911780002
0.021528969122520912
0.021518932307079176
0.02150890484561269
0.02149889088930672
0.021488882372154475
0.021478882892223272
0.021468892714133866
0.021458911824912975
0.021448940211611436
0.021438977861304137
0.021429024761089977
0.021419080898091792
0.02140914625945631
0.021399220832354106
0.021389304603979524
0.02137939756155063
0.021369499802688128
0.021359620085484213
0.02134974052022728
0.021339870255367172
0.021330008947485764
0.021320156749357597
0.021310313703401883
0.021300480292048802
0.021290655347264646
0.02128083946190399
0.021271032678377436
0.021261234874287903
0.021251446092117418
0.021241666319410508
0.021231895543734607
0.021222133752680016
0.02121238093385985
0.021202637074909984
0.021192902163488996
0.021183176187278125
0.021173459133981207
0.02116375099132464
0.0211540517470573
0.021144361388950542
0.021134679904798094
0.021125007282416033
0.021115343509642743
0.021105688683355092
0.021096042573353558
0.02108640543998419
0.021076776944349496
0.021067157237848196
0.02105754630845137
0.021047944144152026
0.021038350732965085
0.02102876606292729
0.021019190122097176
0.021009622898555028
0.02100006438040282
0.020990514555764166
0.020980973412784272
0.020971444893396335
0.020961921076460187
0.02095240617631031
0.020942899639932674
0.02093340172626377
0.020923912531654654
0.02091443182819672
0.020904959712332503
0.020895496172399348
0.02088604119675573
0.02087659477378117
0.02086715699966036
0.02085772764719779
0.020848306812668797
0.020838894484536664
0.020829490705080323
0.020820095355190797
0.0208107084772128
0.020801330167136794
0.02079196019859304
0.02078259866766166
0.02077324556295074
0.02076390237459793
0.02075456608755899
0.020745238299842584
0.020735918785781557
0.020726608711869245
0.02071730651374959
0.020708013945693396
0.020698727840785015
0.02068945006048883
0.020680181341343758
0.02067092017639018
0.02066245182711564
0.020653206882226553
0.02064397020651894
0.02063474178890315
0.02062552161830936
0.020616309683687516
0.020607105974007296
0.020597910478258076
0.02058872435520843
0.020579545253846324
0.020570374333501472
0.020561211583241562
0.020552056992153744
0.020542910549344595
0.020533772243940082
0.020524642065085506
0.02051552217419838
0.020506408214991716
0.020497302349887368
0.02048820456810757
0.02047911491178156
0.02047003326437057
0.02046095966806544
0.020451894217799818
0.020442837377898006
0.020433787870426604
0.020424746371368895
0.02041571287009894
0.020406687356009593
0.020397669818512463
0.020388660247037855
0.020379658631034747
0.020370665012578545
0.020361679275916623
0.020352701463184738
0.02034373156390612
0.02033476956762246
0.020325815463893872
0.02031686924229885
0.02030793089243422
0.02029900040391512
0.020290077766374936
0.020281163807491124
0.020272413245406115
0.020263514029758442
0.020254622623865612
0.020245739017451636
0.02023686320025854
0.02022799516204633
0.02021913489259296
0.020210282381694276
0.020201437619163994
0.020192600594833653
0.02018377129855257
0.020174949720187817
0.02016613584962417
0.020157329676764073
0.020148531191527597
0.02013974038385241
0.020130957243693733
0.02012218176102429
0.020113418133200785
0.020104657933665417
0.020095905361643795
0.02008716040717833
0.02007842357885516
0.02006969382947305
0.02006097177149351
0.020052257187752633
0.020043550172039324
0.020034850714499376
0.02002616030510631
0.02001747593376845
0.020008799091144364
0.020000129767448027
0.01999146795291037
0.01998281363777924
0.019974166812319363
0.019965527466812304
0.01995689559155644
0.019948271176866917
0.019939654213075614
0.019931044742003166
0.01992244265104848
0.01991384798208772
0.01990526072551933
0.019896680871758332
0.019888109078930995
0.01987954400180829
0.019870986298837212
0.01986243596049864
0.019853893182381028
0.01984535754472738
0.01983682924324705
0.019828309241413183
0.019819795583516483
0.019811289233480637
0.019802790181900422
0.019794298470505647
0.019785813987663596
0.01977733682623327
0.01976886692575492
0.019760404225872316
0.01977876736115912
0.01977030766596615
0.019761855204373176
0.019753410272771096
0.01974497225044185
0.019736541433938673
0.019729209448507444
0.019720792550278556
0.019737348676150037
0.019728935484045966
0.019720529461257706
0.019712130598625144
0.01970373888700376
0.019695354317264612
0.019686976880294273
0.019678606566994827
0.019670243368283824
0.01966188727509424
0.01965353848085303
0.01964519657148085
0.019636861740521375
0.01962853397896899
0.019620213277833354
0.019611905689585492
0.019603599079805915
0.019595302683140903
0.01958701013016454
0.019578892531687448
0.019570616601683497
0.019562354569945057
0.019554095188077616
0.0195458375465286
0.019537586876394987
0.019529343168852204
0.019521106415090562
0.019513399455942278
0.01950517636304049
0.019498082903108022
0.01948987323418431
0.01948167047575632
0.019473474568951203
0.01946528555525526
0.0194571048290255
0.019448929574895656
0.01944076118784194
0.019433086873318937
0.019424932290180958
0.01941678424811293
0.01940864303878458
0.01940050865360487
0.01939238108399716
0.01938426032139917
0.019376146357262963
0.019368050255904785
0.01935994985847446
0.019362527156698114
0.019354465028427966
0.019346380456569806
0.019338302685694114
0.01933023160777855
0.01932216726417914
0.019314109646470977
0.019306058945008107
0.01929801475378102
0.019289977263254664
0.019281946465060137
0.019273922350842465
0.019265905160199968
0.0192579265567398
0.0192499225300822
0.019241925054996997
0.019234066331544862
0.019226082226645014
0.01921810459916508
0.01921013398492812
0.019202169683283685
0.01919421188399513
0.019186269368970634
0.019178324793335155
0.01917038674499354
0.019162455265165242
0.019154530345700742
0.01914661197846399
0.019138700155332394
0.019130794868196774
0.01912289610896135
0.019115003869543703
0.01910711814187475
0.01909923891789872
0.019091366336987717
0.019083500096222582
0.019075640335062687
0.019067807706621805
0.019059960921231953
0.01905212054240792
0.019044286611263835
0.019036459119849424
0.019028638060227466
0.019020823473430364
0.019013015253613683
0.01900521344185594
0.018997418030271915
0.01898962901098931
0.01898184637614874
0.0189740701179037
0.018966300228420527
0.018999915916163703
0.018992141809815028
0.01898437406265355
0.018976612666879774
0.018968857614706958
0.01896110889836108
0.01895336651008082
0.01894563044211752
0.01893790068673518
0.018930177236210412
0.018922460131429765
0.018914749267480525
0.01890704468529418
0.018899346377197562
0.01889165433553
0.018883968552643293
0.018876289020901674
0.018868615732681792
0.018860948680372698
0.018853287856375796
0.018845633253104836
0.018837984862985883
0.018830342678457287
0.01882270669196967
0.018815077862416003
0.01880745424901956
0.01879983681108962
0.018792225541125616
0.018784620431639122
0.018777021475153834
0.01876942866420553
0.01876184199134207
0.018754261449123344
0.018746687030121275
0.01873911872691977
0.01873155653211472
0.018724000438313945
0.018716450438137206
0.018708906524216154
0.01870136868919431
0.018693836925727052
0.01868631122648159
0.01867879158413693
0.01867127799138386
0.018663770440924918
0.018656268925474388
0.018648773437758247
0.018641283970514167
0.01863380051649148
0.018626323068451155
0.018618851619165773
0.018611386161419517
0.018603926688008126
0.01859647319173889
0.018589025665430626
0.01858158410191364
0.018574148494029722
0.01856671883463211
0.018559295116585474
0.018551877332765896
0.018544465476060836
0.01853705953936912
0.01852965951560091
0.018522265397677682
0.01851487717853222
0.01850749485110856
0.018500118408362007
0.018492747843259074
0.018485383148777488
0.01847802431790616
0.018470671343645155
0.018463324219005678
0.01845598293701005
0.018448647490691684
0.018441317873095064
0.018433994077275726
0.018426676096300228
0.01841936392324614
0.018412057551202014
0.018404756973267357
0.018397462182552626
0.01839017317217919
0.018382889935279315
0.01837561246499615
0.018368340754483684
0.018361074796906754
0.018353814585440994
0.018346560113272837
0.018339311373599475
0.01833206835962886
0.018324831064579657
0.01831760042255854
0.018310374544679816
0.018303154365442956
0.01829593987810932
0.01828873107595088
0.018281527952250232
0.018274330500300525
0.018267138713405486
0.018259966794070367
0.018252786311650362
0.018245611474263707
0.018238442275256138
0.018231278707983845
0.018224120765813458
0.01821696900354683
0.0182098222915015
0.01820268118472052
0.018195545676612045
0.018188415947442936
0.01818129161687206
0.01817417286526013
0.018167059686056506
0.0181599520727208
0.018152850018722865
0.018145753517542756
0.01813866256267072
0.018131577147607176
0.018124497265862696
0.01811742291095799
0.018110354076423866
0.018103290755801235
0.01809623294264108
0.01808918063050443
0.018082133812962357
0.01807509248359594
0.01806805663599625
0.018061026263764345
0.01805400136051123
0.018046981919857843
0.018039967935435042
0.01803295940088359
0.018025956309854124
0.018018958656007132
0.01801196643301295
0.018004979634551735
0.017997998254313443
0.017991022285997818
0.01798405172331436
0.017977086559982328
0.01797012678973069
0.01796317240629813
0.017956223403433023
0.017949279774893415
0.017942341514446992
0.017935408615871087
0.017928481072952633
0.017921558879488174
0.017914642029283816
0.017907730516155233
0.017900824333927638
0.01789392347643576
0.01788702798346191
0.017880137756965966
0.017873252836766905
0.017866373216737355
0.017859498890759388
0.01785262985272448
0.017845766096533506
0.017838907616096713
0.01783205440533371
0.017825206458173447
0.017818363768554186
0.017811526330423502
0.01780469413773826
0.01779786718446459
0.017791045464577864
0.0177842289720627
0.017777417700912925
0.017770611645131565
0.017763810798730826
0.017757015155732078
0.01775022471016583
0.017743439456071732
0.017736659387498528
0.01772988449850407
0.017723114783155268
0.01771635023552811
0.01770959084970761
0.017702836619787814
0.017696087539871768
0.017689343604071515
0.0176849381896283
0.017678203635862255
0.017671474209278372
0.0176647499040237
0.0176580307142542
0.01765131663413471
0.017644607657838953
0.01763790432305651
0.01763120553675835
0.01762451183685829
0.017617823217565366
0.017611139673097395
0.017604461197680978
0.017597787785551454
0.01759111943095291
0.017584456128138158
0.0175777978713687
0.017571144654914737
0.01756449647305514
0.017557853320077435
0.01755121519027778
0.017544582077960974
0.017537953977440398
0.017531330883038043
0.017524712789084462
0.01751809968991877
0.01751149157988862
0.0175048884533502
0.0174982903046682
0.0174916971282158
0.017485108918374664
0.017478525669534915
0.017471947735023936
0.017465374391256058
0.017458806036543015
0.01745224257562702
0.017445684047789508
0.01743913044747103
0.017432581769120496
0.017426038007195152
0.017419499156160555
0.01741296521049058
0.01740643616466737
0.017399912013181366
0.017393392750531242
0.017386878371223925
0.017380368869774572
0.01737386424070654
0.017367364478551396
0.01736086957784887
0.01735437953314687
0.01734789433900145
0.017341413989976795
0.017334938480645212
0.017328467805587115
0.017322001959391
0.017315540936653443
0.017309084731979077
0.017302633339980573
0.017296186755278643
0.017289745016900247
0.017283308030669086
0.017276875835644644
0.0172704484264796
0.01726402579783457
0.01725760794437813
0.017251194860786755
0.01724478654174486
0.01723838298194473
0.01723198417608655
0.017225590118878354
0.01721920080503604
0.017212816229283338
0.017206436386351803
0.017200061270980792
0.01719369087791747
0.017187325201916757
0.017180964237741365
0.01717460798016173
0.01716825642395605
0.017161909563910227
0.017155567394817873
0.017149229911480296
0.017142897108706485
0.01713656898131309
0.017130245524124413
0.017123926731972394
0.017117617610672348
0.017111308131272908
0.017105003301452985
0.017098703116074917
0.017092407570008617
0.017086116658131544
0.0170798303753287
0.01707354871649261
0.01706727167652331
0.017060999250328335
0.017054731432822705
0.017048468218928903
0.017042209603576875
0.017035955581704003
0.0170297061482551
0.017023461822755357
0.017017221550826193
0.01701098585220002
0.01700475472185123
0.016998528154761574
0.016992306145920153
0.016986088690323402
0.016979875782975076
0.016973667418886236
0.01696746359307524
0.01696126430056772
0.016955069536396587
0.01694887929560199
0.016942693573231336
0.01693651236433924
0.016930335663987547
0.0169241634672453
0.01691799576918872
0.01691183256490122
0.016905673849473363
0.01689951961800286
0.016896080863423778
0.016889934599013657
0.016883792804614016
0.01687765547535025
0.016871522606354848
0.01686539419276736
0.0168592702297344
0.016853150712409636
0.01684703563595375
0.016840924995534474
0.01683481878632652
0.016828717003511615
0.016822619642278457
0.016816526697822725
0.016810438165347046
0.016804354040061
0.016798274317181092
0.016792198991930758
0.016786128059540325
0.016780061515247035
0.016773999354294994
0.01676794157193519
0.016761888163425467
0.01675583912403051
0.01674979444902184
0.0167437541336778
0.01673771817328354
0.016731686563131006
0.01672565929851893
0.016719636374752805
0.016713617787144905
0.016707603531014227
0.016701593601686524
0.01669558923759512
0.016689587947430636
0.016683590970086967
0.016677598300916675
0.016671609935279004
0.01666562586853985
0.016659646096071772
0.016653670613253953
0.01664769941547222
0.016641732498119007
0.016635769856593347
0.01662981148630087
0.016623857382653786
0.016617907541070877
0.01661196195697747
0.016606020625805445
0.016600083542993218
0.016594150703985715
0.016588222104234378
0.016582297739197154
0.01657637760433846
0.016570461695129202
0.016564550007046746
0.016558642535574902
0.01655273927620393
0.016546840224430516
0.01654094537575776
0.016535054725695168
0.016529168269758643
0.016523286003470472
0.016517407922359312
0.01651153402196018
0.016505664297814443
0.016499798745469803
0.016493937360480295
0.01648808013840626
0.01648222707481435
0.01647637816527751
0.016470533405374965
0.01646469279069221
0.016458856316820994
0.01645302397935933
0.01644719577391145
0.01644137169608783
0.01643555174150514
0.01642973590578628
0.01642392418456032
0.016418116657768947
0.01641231315241095
0.01640651374847017
0.016400718441600345
0.016394927227461362
0.01638914010171923
0.016383357060046077
0.016377578098120134
0.01637180321162573
0.016366032396253286
0.01636026564769929
0.016354502961666285
0.01634874433386288
0.016342989760003722
0.016337239235809493
0.016331492757006887
0.016325750319328612
0.016320011918513386
0.016314277550305897
0.016308547210456825
0.016302820894722816
0.016297098598866473
0.016291380318656342
0.016285666049866917
0.016279955788278604
0.016274249529677733
0.016268547269856545
0.016262849004613163
0.016257154729751602
0.016251464441081755
0.016245778134419377
0.01624009580558607
0.016234417450409294
0.01622874306472233
0.016223072644364282
0.016217406185180083
0.016211743683020453
0.016206085133741912
0.016200430533206762
0.016194779877283075
0.016189133161844692
0.016183490382771202
0.016177851535947935
0.016172216617265964
0.01616658562262207
0.01616095854791875
0.01615533538906422
0.016149716141972376
0.01614410080256279
0.016138489366760714
0.016132881830497072
0.01612727818970843
0.016121678440337007
0.01611608257833064
0.01611049059964281
0.016104902500232596
0.016099318276064693
0.016093737923109384
0.01608816143734254
0.01608258881474561
0.016077020051305603
0.016071455143015084
0.01606589408587217
0.01606033687588052
0.016054783509049302
0.016049233981393216
0.016043688288932472
0.016038146427692773
0.01603260839370531
0.016027074183006758
0.01602154379163926
0.016016017215650425
0.0160104944510933
0.016004975494026397
0.015999460340513638
0.01599394898662438
0.015988441428433395
0.015982937662020854
0.015977437683472324
0.015971941488878767
0.015966449074336513
0.01596096043594726
0.015955475569818068
0.015949994472061347
0.015944517138794842
0.015939043566141634
0.015933573750230124
0.015928107687194024
0.015922645373172353
0.01591718680430942
0.015911731976754825
0.01590628088666344
0.015900833530195405
0.015895389903516115
0.01588995000279623
0.015884513824211625
0.015879081363943427
0.015873652618177976
0.01586822758310683
0.015862806254926743
0.015857388629839677
0.015851974704052776
0.015846564473778354
0.015841157935233906
0.015835755084642078
0.015830355918230676
0.015824960432232645
0.01581956866350251
0.015814180527036738
0.015808796059713946
0.015803415257787563
0.015798038117516115
0.01579266463516322
0.015787294806997573
0.01578192862929295
0.015776566098328188
0.015771207210387182
0.015765851961758864
0.015760500348737223
0.01575515236762126
0.015749808014715014
0.015744467286327522
0.015739130178772834
0.015733796688369998
0.01572846681144304
0.01572314054432098
0.0157178178833378
0.01571249882483244
0.015707183365148803
0.015701871500635733
0.015696563227647013
0.01569125854254135
0.015685957441682385
0.015680659921438658
0.015675365978183614
0.0156700756082956
0.01566478880815785
0.015659505574158468
0.015654225902690444
0.01564894979015162
0.015643677232944696
0.015638408227477217
0.01563314277016157
0.015627880857414966
0.01562262248565944
0.01561736765132185
0.015612116350833847
0.015606868580631886
0.015601624337157212
0.015596383616855848
0.015591146416178597
0.01558591273158102
0.015580682559523443
0.015575455896470936
0.015570232738893313
0.015565013083265123
0.015559796926065636
0.015554584263778847
0.015549375092893456
0.015544169409902865
0.015538967211305174
0.015533768493603165
0.015528573253304302
0.015523381486920715
0.015518193190969205
0.01551300836197122
0.015507826996452858
0.015502649090944861
0.015497474641982596
0.01549230364610606
0.01548713609985986
0.015481971999793218
0.015476811342459953
0.01547165412441848
0.0154665003422318
0.015461349992467486
0.01545620307169769
0.015451059576499122
0.015445919503453047
0.01544078284914528
0.015435649610166177
0.015430519783110622
0.015425393364578027
0.015420270351172322
0.015415150739501945
0.01541003452617984
0.015404921707823444
0.01539981228105468
0.015394706242499953
0.015389603588790143
0.01538450431656059
0.015379408422451096
0.015374315903105914
0.015369226755173738
0.015364140975307698
0.015359058560165352
0.015353979506408684
0.015348903810704086
0.01534383146972236
0.015338762480138705
0.015333696838632714
0.015328634541888366
0.015323575586594014
0.015318519969442381
0.015313467687130562
0.015308418736359993
0.015303373113836474
0.015298330816270135
0.015293291840375449
0.015288256182871208
0.015283223840480533
0.015278194809930852
0.0152731690879539
0.015268146671285716
0.01526312755666662
0.01525811174084123
0.01525309922055843
0.015248089992571382
0.015243084053637512
0.015238081400518497
0.015233082029980268
0.015228085938793
0.015223093123731102
0.015218103581573208
0.015213117309102183
0.015208134303105096
0.015203154560373236
0.015198178077702082
0.015193204851891316
0.015188234879744801
0.01518326815807059
0.015178304683680895
0.01517334445339211
0.015168387464024782
0.015163433712403612
0.015158483195357448
0.015153535909719275
0.01514859185232622
0.015143651020019524
0.015138713409644558
0.015133779018050802
0.015128847842091842
0.015123919878625361
0.015118995124513143
0.015114073576621048
0.015109155231819023
0.015104240086981087
0.01509932813898532
0.015094419384713868
0.015089513821052928
0.015084611444892742
0.015079712253127594
0.0150748162426558
0.015069923410379701
0.015065033753205665
0.015060147268044067
0.015055263951809294
0.015050383801419728
0.015045506813797752
0.015040632985869731
0.015035762314566017
0.015030894796820932
0.01502603042957277
0.015021169209763785
0.015016311134340187
0.015011456200252137
0.015006604404453736
0.015001755743903025
0.01499691021556197
0.014992067816396467
0.014987228543376327
0.01498239239347527
0.014977559363670923
0.014972729450944812
0.014967902652282353
0.014963078964672851
0.014958258385109491
0.014953440910589326
0.014948626538113284
0.014943815264686147
0.014939007087316557
0.014934202003017002
0.014929400008803814
0.014924601101697159
0.014919805278721035
0.014915012536903263
0.014910222873275486
0.014905436284873149
0.014900652768735513
0.014895872321905633
0.01489109494143036
0.014886320624360327
0.014881549367749955
0.014876781168657437
0.014872016024144735
0.014867253931277573
0.014862494887125436
0.014857738888761554
0.01485298593326291
0.014848236017710221
0.014843489139187935
0.014838745294784232
0.01483400448159101
0.014829266696703884
0.014824532508147385
0.014819800847091018
0.014815072129526536
0.014810346428687771
0.014805623741688827
0.014800904103648533
0.014796187435674138
0.014791473772903933
0.014786763112466702
0.014782055451494889
0.014777350787124584
0.014772649116495527
0.014767950436751096
0.014763254745038297
0.014758562038507771
0.014753872314313774
0.014749185569614182
0.01474450180157048
0.01473982100734776
0.014735143184114709
0.014730468329043605
0.014725796439310322
0.014721127512094307
0.014716461544578587
0.014711798533949761
0.014707138477397987
0.014702481372116986
0.014697827215304035
0.01469317600415995
0.0146885277358891
0.014683882407699382
0.014679240016802228
0.014674600560412593
0.014669964035748956
0.014665330440033306
0.01466069977049114
0.014656072024351466
0.014651447198846779
0.014646825291213075
0.014642206298689828
0.014637590218520001
0.01463297704795003
0.014628366784229819
0.014623759424612739
0.01461915496635562
0.014614553406718743
0.014609954742965841
0.01460535897236409
0.014600766092184102
0.014596176099699919
0.014591588992189014
0.014587004766932279
0.01458242342121402
0.01457784495232196
0.01457326935754722
0.014568696634184326
0.014564126779531193
0.014559559790889133
0.014554995665562835
0.014550434400860372
0.014545875994093184
0.014541320442576087
0.014536767743627253
0.014532217894568215
0.014527670892723856
0.01452312673542241
0.014518585419995449
0.014514046943777881
0.014509511304107952
0.014504978498327225
0.01450044852378059
0.014495921377816249
0.014491397057785719
0.01448687556104382
0.014482356884948673
0.014477841026861692
0.014473327984147582
0.014468817754174336
0.014464310334313222
0.014459805721938787
0.014455303914428843
0.01445080490916447
0.014446308703530008
0.014441815294913047
0.01443732468070443
0.014432836858298242
0.01442835182509181
0.014423869578485692
0.014419390115883678
0.01441491343469278
0.01441043953232323
0.01440596848016258
0.014401500127656326
0.014397034546221394
0.014392571733280842
0.014388111686260922
0.014383654402591076
0.014379199879703932
0.014374748115035293
0.01437029910602414
0.014365852850112623
0.014361409344746055
0.014356968587372912
0.01435253057544482
0.014348095306416562
0.01434366277774606
0.014339232986894377
0.014334805931325717
0.014330381608507406
0.014325960015909902
0.014321541151006785
0.014317125011274745
0.014312711594193587
0.014308300897246223
0.014303892917918669
0.01429948765370003
0.014295085102082512
0.014290685260561401
0.014286288126635075
0.014281893697804983
0.014277501971575644
0.014273112945454657
0.014268726616952672
0.014264342983583408
0.014259962042863636
0.01425558379231317
0.014251208229454878
0.014246835351814665
0.014242465156921472
0.014238097642307266
0.014233732805507049
0.01422937064405884
0.014225011155503675
0.014220654337385603
0.014216300187251682
0.014211948702651973
0.014207599881139534
0.014203253720270417
0.014198910217603668
0.014194569370701314
0.01419023117712836
0.014185895634452795
0.01418156274024557
0.014177232492080609
0.014172904887534797
0.014168579924187975
0.01416425759962294
0.014159937911425433
0.014155620857184146
0.014151306434490703
0.014146994640939669
0.014142685474128539
0.014138378931657734
0.014134075011130592
0.014129773710153377
0.014125476331940775
0.014121180262496754
0.014116886805439138
0.014112595958385814
0.014108307718957559
0.014104022084778045
0.014099739053473831
0.014095493869520283
0.014091216026160792
0.01408694077858004
0.014082668124416078
0.014078398061309828
0.014074130586905065
0.014069865698848428
0.0140656033947894
0.014061343672380319
0.014057086529276359
0.014052831963135537
0.014048579971618702
0.014044330552389538
0.014040083703114548
0.014035839421463062
0.014031597705107226
0.014027358551721996
0.014023121958985144
0.014018887924577237
0.014014656446181651
0.014010427521484554
0.014006201148174906
0.014001977323944453
0.013997756046487732
0.013993537313502053
0.0139893211226875
0.013985107471746932
0.013980896358385972
0.013976687780313007
0.013972481735239184
0.013968278220878403
0.013964077234947312
0.013959878775165307
0.013955682839254527
0.013951489424939846
0.013947298529948877
0.013943110152011955
0.013938924288862146
0.013934740938235237
0.01393056009786973
0.013926381765506842
0.013922205938890498
0.01391803261576733
0.013913861793886668
0.01390969511378434
0.013905529287155473
0.01390136595503357
0.013897205115178725
0.013893046765353717
0.013888890903323996
0.013884737526857692
0.013880586633725597
0.013876438221701173
0.013872292288560538
0.013868148832082474
0.01386400785004841
0.013859869340242425
0.013855733300451246
0.013851599728464238
0.013847468622073403
0.013843339979073381
0.013839213797261437
0.013835090074437463
0.01383096880840397
0.013826849996966088
0.013822733637931564
0.013818619729110752
0.013814508268316608
0.0138103992533647
0.013806292682073186
0.013802188552262819
0.013798086861756946
0.013793987608381499
0.01378989078996499
0.013785796404338517
0.013781704449335744
0.013777614922792916
0.013773527822548835
0.013769443146444876
0.01376536089232497
0.013761281058035603
0.013757203641425814
0.013753128640347194
0.013749056052653872
0.013744985876202523
0.013740918108852359
0.013736852748465126
0.013732789792905094
0.013728729240039067
0.013724671087736366
0.01372061533386883
0.013716561976310819
0.013712511012939197
0.01370846244163334
0.013704416260275125
0.01370037246674893
0.013696331058941628
0.01369229203474259
0.013688255392043668
0.013684221128739205
0.013680189242726024
0.013676159731903424
0.013672132594173181
0.013668107827439541
0.013664085429609217
0.013660065398591386
0.013656047732297684
0.0136520324286422
0.013648019485541483
0.013644008900914523
0.013640000672682763
0.01363599479877008
0.013631991277102795
0.013627990105609663
0.013623991282221868
0.013619994944748949
0.013616000811334067
0.013612009019832649
0.01360801956818557
0.013604032454336118
0.013600047676229984
0.013596065231815276
0.013592085119042497
0.013588109568631723
0.013584134112350672
0.013580160981577829
0.013576190174273273
0.013572221688399472
0.013568255521921273
0.0135642916728059
0.013560330139022954
0.013556370918544407
0.013552414009344598
0.013548459409400231
0.013544507116690372
0.01354055712919644
0.013536609444902214
0.01353266406179382
0.01352872097785973
0.013524780191090765
0.01352084169948008
0.013516905501023172
0.013512971593717869
0.013509039975564328
0.013505110644565036
0.013501183598724802
0.013497258836050754
0.013493336354552339
0.013489416152241312
0.013485498227131744
0.01348158257724001
0.013477669200584788
0.013473758095187057
0.013469849259070089
0.013465942690259454
0.013462038386783007
0.013458136346670898
0.013454236567955547
0.013450339048671668
0.013446443786856239
0.013442550780548523
0.013438660027790043
0.013434771526624593
0.013430885275098234
0.013427001271259282
0.01342311951315831
0.01341923999884815
0.013415362726383877
0.013411487693822818
0.013407614899224544
0.013403744340650864
0.013399876016165829
0.013396009923835717
0.013392146061729044
0.01338828442791655
0.013384425020471201
0.013380567837468183
0.013376804767847864
0.013372952001497677
0.01336910145384392
0.01336525312297062
0.013361407006964011
0.013357563103912526
0.013353721411906798
0.01334988192903966
0.013346044653406133
0.01334220958310343
0.01333837671623095
0.01333454608512614
0.013330717619411203
0.013326891351437779
0.01332306727931398
0.013319245401150091
0.013315425715058567
0.013311608219154019
0.01330779291155323
0.013303979790375134
0.013300168853740826
0.013296360099773545
0.013292553526598689
0.013288749132343795
0.013284946915138547
0.013281146873114765
0.013277349004406412
0.013273553307149577
0.013269759779482486
0.013265968419545492
0.013262179225481069
0.013258392195433814
0.013254607327550448
0.0132508246199798
0.013247044070872816
0.01324326567838255
0.013239489440664163
0.01323571535587492
0.013231943422174186
0.013228173637723424
0.013224406000686192
0.013220640509228138
0.013216877229384506
0.013213116023570793
0.013209356957845739
0.013205600030383326
0.013201845239359616
0.013198092582952748
0.01319434205934293
0.013190593666712434
0.013186847403245603
0.013183103267128838
0.013179361256550602
0.01317562136970141
0.013171883604773836
0.013168147959962498
0.01316441443346407
0.01316068302347726
0.013156953728202825
0.01315322654584356
0.013149501474604296
0.013145778512691894
0.013142057658315248
0.013138338909685278
0.013134622265014929
0.013130907722519165
0.013127195280414975
0.01312348493692136
0.01311977669025933
0.013116070538651912
0.013112366480324137
0.013108664513503041
0.01310496463641766
0.013101266847299032
0.013097571144380189
0.013093877525896157
0.01309018599008395
0.013086496535182573
0.013082809159433014
0.013079123861078245
0.013075440638363214
0.013071759489534845
0.013068080412842041
0.01306440340653567
0.013060728468868571
0.013057055598095548
0.013053384792473368
0.013049716050260757
0.013046049369718395
0.013042384749108925
0.013038722186696931
0.013035061680748953
0.013031403229533474
0.013027746831320923
0.013024092484383666
0.01302044018699601
0.013016789937434194
0.013013141733976392
0.01301575962183532
0.013012113750792788
0.013008469921683074
0.013004828132791224
0.013001188382404213
0.012997550668810927
0.012993914990302169
0.012990281345170652
0.012986649731711002
0.012983020148219747
0.01297939259299532
0.01297576706433806
0.012972143560550197
0.012968522079935861
0.012964902620801076
0.012961285181453754
0.012957669760203697
0.012954056355362592
0.012950444965244006
0.012946835588163393
0.012943228222438076
0.012939622866387257
0.012936019518332011
0.012932418176595283
0.01292881883950188
0.01292522150537848
0.012921626172553618
0.01291803283935769
0.01291444150412295
0.012910852165183506
0.012907264820875314
0.012903679469536182
